11111111101110100101001100101010
00000000000100001010000011011100
11111111110010001111100101100000
11111111101011111111000011000111
00000000001010111111110101100000
00000000000011111011100101100111
00000000000011111000111010011001
11111111101100110010011010001100
11111111110001010010110010000001
00000000010001111110110101101110
11111111101110101000111100111110
11111111111110011010101111101101
00000000010010110111000010111010
00000000011010011100011000011100
00000000010000010011110011101011
00000000010101010110010000101001
11111111101000111111011010110000
00000000000000001111001101001111
00000000000101101001111100101100
11111111101011011011100100010001
11111111111111010111110101101010
00000000000000000011011110000000
00000000000100100001100100001111
11111111111000100110110000000010
00000000001100010110010010000111
11111111111010010101101110101010
11111111110000010101000100110111
00000000001011101001010101011101
00000000010000000010100000011110
11111111110111010110010010011011
00000000000010111101011011001111
00000000010001010100010111111101
00000000000110001000011010010110
11111111110001100101111111011100
00000000010001000101010000101100
00000000010011100101101100001011
11111111111101011101100010011011
00000000000010000011101110100001
11111111111100000011100000110101
11111111101011101110001100011010
00000000000011000001110001011011
00000000011010101011000111001001
11111111111100010000110000100001
00000000000001010101011001110100
00000000000010011011000001111110
00000000001111101111110010000110
11111111110010110001001100101101
00000000010100110001000000101001
00000000000111100010110111010011
00000000000011001110011101011000
11111111111100110101110011000001
00000000011010111010110110111011
00000000001111010001111110110100
11111111101000101011111010010101
11111111110110110101010000110000
00000000001100011100000001010010
11111111111111111111110110000000
00000000001111000010011110110110
11111111100001011110101001001000
11111111101111100101111110110110
00000000010110000010100110100010
00000000011101111011001000001001
00000000001000011010001101010101
00000000010111110010001010111101
00000000011110001001101100100000
11111111101110111010000010001111
00000000000100100111110100110001
00000000000110010110000000110110
11111111100110111010110010011101
11111111111111101111100010000110
00000000001010101111101101100010
00000000001111010101110101001101
11111111011101010100110001110000
00000000100011010111111000010110
11111111100110000010111010000110
00000000001100111010101011101011
00000000011110100000110010110001
11111111110000011001111011110110
11111111111001000000100111011100
00000000000111000101011001110100
00000000100011111011000000110100
11111111100011111100000110001110
00000000001000101001010100010111
00000000001010000000010010101100
11111111101010111111011010011001
11111111110111111100101001100100
00000000011110101001111110000100
00000000011101101001001000000110
00000000010000000010000110110000
11111111111010001100100010111101
11111111110100110000101111010000
00000000001000001001011110110100
11111111110001101000010101110001
00000000001100111011111001101111
00000000001111011010000101110111
00000000100111111101101001001110
00000000001010011110111011010100
11111111101101110010101100100001
00000000010101101100000000000110
11111111110011111110101100001101
00000000000100110101001100101100
11111111110101010000101101000010
00000000000000111111011110010011
11111111111100010110000100101001
11111111110101010101010101010101
00000000000011000110001000011011
11111111110111000110000001010000
00000000010000010100100101110011
00000000011010010011111100100010
00000000001010010010000001101001
11111111110010100010010010100010
11111111110100110000000011111001
11111111111100001001110010101101
00000000010110001011001000000000
11111111110000010010010111010101
11111111111010101110010001001110
00000000001000001000110000100010
00000000010010111001011011010110
00000000000001110011111101010110
00000000001110110010000100100000
00000000100110010111101111110010
11111111110100001001011101100110
00000000000110110000011001000001
11111111110000000010110000010000
11111111111100100100100000000011
11111111110110100111101010001100
00000000000111000011010010110100
11111111110110001011101000010011
11111111111110001110101100011011
11111111111001011000001111111010
11111111111110111110111100000111
11111111101011000100001100111111
11111111110100011000110010110001
00000000001110100100111010110101
11111111110110010100101010000100
11111111111000100101111000111011
00000000001011010010011010001111
00000000000000100001000000000101
00000000000011010011100101000110
11111111100010110100111110010000
00000000000011101110111101110110
00000000001111010010010101101100
11111111110110110010111101110000
11111111110110010000101100110010
00000000001000000011101010100110
00000000000110010101000001011100
00000000001000110001101000110110
11111111101100000100011000011010
11111111111101111011000100111101
00000000000001001100100110011101
11111111101101100010111000001010
11111111111010001010011011010001
00000000000100101000110011011001
00000000001011000111001110110010
00000000001011010010110000011110
00000000000100110001010011011011
11111111111111100100100110101110
11111111110011110001101001000000
11111111100101100000001101001001
00000000000001011011001110110111
11111111101000101100000011001010
11111111101000011010010110110110
00000000100010111010010010011100
11111111111011110100110010100100
11111111111000101001010101000010
11111111111000010000000100110111
00000000100011100000101001011010
11111111101100110111101011111111
11111111101010010010110110011010
00000000001100111001110011100100
00000000000000101110111100101101
11111111101110101101000111100100
00000000010110000110100110111001
00000000001101110110101001011000
11111111101011111010101010001111
00000000010000101100001011000011
00000000000110011100010011110110
00000000010100101101101011101101
11111111101000011111010010011110
11111111110101100111110101111011
00000000001010101010101100111011
00000000010010000010011000100010
00000000001101010000101010111110
00000000001001011101100101001000
11111111110101011100011000111010
00000000000000011011100001111110
11111111100010011001011000001100
00000000000111110001001101001100
00000000001011001001111101100011
00000000011011011011101100010010
11111111111100110110100001001110
11111111111010110011001101000011
00000000000101111011011100000010
11111111101111000101101110101011
11111111111111101110100101011101
11111111110000110110000100000100
11111111110001000110101101111001
11111111110100011011000110110011
00000000000101110000000100110101
11111111011111100011010011100111
00000000010011000100000111111111
00000000001000011011101000101100
11111111110110010000010010110101
11111111111100011101011100100100
00000000000010000101101100100001
00000000000001100100110001000110
00000000001101100000100111100001
00000000011001010011010100001010
11111111110101101001000110000110
00000000000111010101000101000010
11111111110101001101001101000000
00000000000001111111010111101000
00000000010011101100010001111110
11111111111010110111111101101101
11111111110011111010111001010011
00000000000101100010101000100000
11111111111001011101010110111010
00000000000001100100111011001010
11111111110100010001110000000000
11111111110000101110110001011010
00000000010010111101110110110111
11111111111011110001010101111000
00000000010100011001010100011110
00000000010110111110000001000110
11111111110100000110000010001011
00000000010111010000000010110111
11111111111010010101111000111001
11111111100100001001110011001000
00000000001000010101000010000011
00000000001011101001000000101001
11111111111100100010110111100001
00000000010101011110011011010011
00000000011001010010010011110111
11111111110101001000110111111111
11111111111101010110001101100111
00000000000010110110011110101001
00000000000001100000011011010100
11111111111000011001001010000111
11111111110100110111100110011101
00000000001111111110011000110100
11111111110010001101011111001100
00000000010111000010111000000110
11111111100111011101000100011001
00000000001000000100101001010011
00000000001010010001100111111110
00000000010110011010000101111000
11111111100001010111011001010001
00000000000010011100100001101000
00000000011011100011100010110001
11111111100101111110010110110001
11111111111100111100011000101010
11111111110110000010101001001110
11111111110100101000000000011100
00000000000001110010110100010010
00000000000001011010111101111101
00000000001111101010011011011110
11111111101010101011101000010110
00000000010100000000100110000100
11111111101001010100101111111100
11111111100011001111100100100110
00000000010011010111101111000000
00000000100111001110011110110010
11111111111000111100110100010000
00000000000010111101000000100110
11111111110100000101101000101011
11111111110111010110011101101111
11111111111100101100001010110000
11111111011010001000001000001101
11111111110001011100011000011110
00000000011011100101010101110101
00000000010100110010001101000100
11111111101111001001110101010110
00000000010111111001100011100100
11111111101110111100010111100111
00000000001000001101000111111001
11111111110100101010101101101010
11111111110001011001010011000101
11111111110000111001111100001100
00000000000100011111101010110010
11111111111100001001111011010100
00000000010100101010010110010010
00000000000110000011010000101011
00000000001011111010101100011101
00000000001001100010011001110101
11111111110000100011111111010010
00000000001001100011001001100110
00000000000100110101001101110001
00000000010100100010100001111000
11111111101110111111000100110011
00000000011010011000010010011100
11111111111000111010111111010110
11111111110110101000010010001110
11111111111110110100101000010100
00000000011101100011011000010110
11111111110001001000110101000110
00000000011010010110111100011000
00000000001001100101010111100100
00000000001100010011010000100011
00000000000101110011101001001111
00000000010011011001001001011101
00000000010001111101000101011010
11111111101001100111110001000000
11111111111011110011000100100001
00000000010100110100110101011111
11111111111010001010110100111100
00000000011101011100100110000010
11111111110110001011000111111011
11111111110111001001111001101011
00000000001001100010101011010111
00000000010001110100011011101011
11111111110000101111000101000110
00000000011000001101000011011001
11111111111111001101010000110100
00000000001010110111010010010101
00000000000001011001110110010001
11111111100001110000010101111111
00000000000001110101101100110010
00000000001010111100110100000010
00000000000101010110010001101110
00000000000001011010111000110011
11111111100111101010111101010101
00000000000100010010011100001110
11111111110101110110100111001011
00000000001111111011011001110010
11111111111111100111110111010011
11111111011110011001000100010110
00000000000100011010001000110010
11111111101011111001011111110011
11111111110111000111101010010000
00000000011000000110111111100010
11111111100100111100111101100110
00000000001001110100001000101110
11111111111101001111011001101011
00000000010001000011010010100110
00000000000001001011100100001101
00000000010001110000111110101010
00000000001011111101100110001010
11111111111011110011001010001010
00000000001100010001000110100000
00000000010110101010110000101010
11111111110011010001101011110101
11111111101101010011111111101100
11111111101100010101000000100011
11111111111111111101011110101101
11111111110101110100110110110110
11111111111010001101010010010101
00000000000111011100111101100010
00000000001011001010000011100111
00000000010101011011110000100001
11111111111001111110101001110100
00000000000000100101111001001010
11111111110001111101000001011010
00000000011010100001010001110111
11111111111111111010110100111111
00000000000001011110110100100100
00000000001100001111100111100011
11111111110110110101101110011100
11111111111101000011011110010111
11111111110100000101110001011001
00000000010110001010010101000100
11111111101101100110111101101110
00000000010111010101000110100100
11111111011100111110100001101100
00000000000011111110000001010000
00000000010100001010001011101100
00000000000001010111001011010110
11111111110111000011000010111011
11111111111011111010100110110101
00000000000011001010000001100001
11111111100101011010111101001000
00000000010101010110000010010011
11111111111101101011010101111000
11111111100110101011001100010111
11111111101110010111100100110110
11111111111100001101110011110010
11111111101111110000100011010101
00000000000010111011110000101001
00000000000100011011110011101111
11111111111100000001001100011101
11111111101010101000001111011111
11111111111011101001001101100000
00000000001001001111101110100011
00000000000010100000011100011100
00000000011100011010010111110000
00000000100011011111000100101100
11111111110001110010101010101100
00000000000110111111001011111011
00000000000101110011111001001000
00000000001100011101001011011101
11111111110111001000001100100001
00000000001110011100010000101111
11111111111111111001000010000100
00000000011010110110101001001110
11111111101111100011010100100010
00000000001000000110001011101011
00000000001111011001000000011111
00000000001110110001001000100001
11111111110101110000100011111011
11111111110111101000011100110111
11111111110000100100011011110001
00000000001100011101111101110001
00000000010101101010011001110001
11111111111000010010000110011101
11111111101101111101101110000110
00000000010110001000111111001100
11111111111110101000011010100111
11111111111001000011111111110001
00000000001111011100101101110110
00000000001100010010001100000011
11111111110100110110101111010110
00000000001100001010000011011011
00000000001110111101000010100101
11111111110101111110010101110100
00000000010001011101100100111111
00000000001001100101011110110100
11111111101110001011111001010100
11111111110110010100100111001000
11111111110101101100011010100110
00000000011000110011011110011100
11111111011110111001001100000110
00000000001100000001111100111001
11111111111001110101001000010101
11111111110101001001111111011001
00000000010000100101000000111101
00000000000000100100001010111111
11111111111101000001101001000000
00000000001010110010000100100001
11111111110000011110000101100100
11111111101011110101001111011001
00000000001011100011010011110010
11111111110101110001001001010010
11111111110101111010111011100000
00000000000010000000101111010000
11111111110100111001000000100110
00000000000101100100010010000111
11111111110111010101001110010000
00000000001000001010111100101001
11111111110111110101001011010110
11111111110101011101100110010011
11111111101101111000100010000111
00000000001011110101010111100000
11111111111111011110100000111101
11111111110111011110111000010100
00000000000100111000101110010000
00000000001000110100001010111000
00000000010101100010100000100110
11111111110111001000001000100011
00000000010001001111100000101011
00000000000000011010001010110100
00000000000000000011011110000000
00000000000100110101111001001110
11111111111000111110110100100101
11111111111000110101001101101110
00000000100010110111000010101110
11111111110100001101011111010011
11111111111011011011100100001111
00000000000100001100000011101110
00000000000101010001110010001011
00000000000001001110101011001011
11111111111100011000111100101001
00000000011100000000110000110010
00000000000100010101011111111010
11111111111101100110100111101100
00000000010111101100101010111010
11111111111110111110100101011100
11111111110110101011010100011110
00000000001001111101010110001100
11111111101011001001001111001101
00000000001101010111111111101101
11111111110100001100110100100001
11111111101101101110001010011111
00000000001001001011111001000011
00000000001010101100111001000110
11111111111010010101101101011011
11111111101101100110111010000101
00000000000110001011011000010110
00000000000110100110100000101101
11111111111101110101100110111011
11111111111100101100000111111101
11111111111001110011111100100110
00000000000111100001001100110000
00000000001101110110100000000111
11111111110001110111100000001001
11111111110110100011110001101110
00000000010011000010011101001101
00000000001110100010111011000010
11111111110011100010111011111010
00000000001000001101000010000011
00000000011111100111101100000011
11111111101011101111100110111001
11111111111001000100111101100001
00000000001111110010110101011010
00000000000001001111100011001000
00000000001011000001100110011000
11111111111011100100000001011110
11111111111100111100010100111000
11111111110111000110000110100000
11111111111101001010110100100011
00000000000010101100011100111011
00000000001101110001010101010000
11111111110011111101110111010001
11111111100110110011010011100011
11111111100011000111011100111010
00000000010010111101000110101110
11111111110011111111011000111000
11111111111000000010111111111100
00000000000001101110000111110111
11111111011110110101101110101100
00000000000110100101111100010011
00000000011101000001101000100100
11111111101111000111100000010101
00000000010111000001101110000000
00000000000100100000110001011010
00000000000010001100110000110111
11111111110000000110010000110101
11111111110001100100011011001010
00000000001011000111101100101000
00000000001010111110111001000100
11111111101010001000110001111101
00000000010001101010110101011000
11111111111001110100000100110101
00000000000110000010011111000110
11111111100111001010010000111000
11111111110011110010111111101100
00000000001000101110101111101111
00000000000011111100101100010101
11111111111010001000111000000001
00000000001110101010001100100100
00000000000100101000101011100010
00000000010111000000100001000101
11111111101001001000000010000111
11111111101010001110000111011000
00000000000101010101010001110001
00000000000010100000011011000111
11111111101100010001000111001000
00000000001101011011111010000001
00000000100010111011101000010110
00000000000111000110011101011000
00000000001110010010110111110001
11111111110100011001010011010110
11111111110111001111100101101010
11111111111110110110010110000100
00000000001110100100111101000100
11111111111000110111110000011010
00000000000011001110000100110100
00000000010100010001100101100000
11111111101100000100001001101000
00000000010010000111100011101000
00000000011111111110011100110001
11111111111111001010010111000001
00000000000010100100000011110001
00000000010001111000101100110100
00000000100000011010010011001111
11111111111000110111110110011011
00000000000111110001001000100110
00000000010100101011110111011111
11111111110001011101011011001111
11111111100111010001101011000010
11111111101110100111100101000010
00000000000100101000111101101110
11111111111100111100010010100101
00000000001110011101010111101001
11111111110111111100111101100010
00000000011101000010010100010111
00000000000111101101000100010101
11111111111000101010111010000100
11111111110100000000000110000111
11111111011101101111001011011011
11111111101001111101111010011011
11111111110101110001110101101001
00000000011011000101001011111110
11111111101011001001011101010111
11111111100110011001011111101110
00000000010011010001110100011100
00000000001111101101100110101110
00000000001001001110100100010010
00000000000001001110111010101110
00000000011110110101100111011101
11111111100100100011111101110011
11111111111011110000101110111011
00000000010101010010100000010110
11111111111011100000011000110010
11111111100011100100110110000111
11111111110001110001111101001011
11111111110011001100111000100111
11111111111111100100101101011000
00000000010000110101100111101001
11111111101001000100111000001100
11111111111100111100011001100010
00000000010110101110010110010011
00000000001001001111000100110000
00000000000101010100110110011010
00000000001010110010101101010110
11111111100011101110010100100001
00000000010000010000101111101000
00000000010001111000111000010111
00000000000111110101101000101110
11111111011110011110001001011001
00000000001010000101100100111000
11111111111100000111000001100110
00000000000010000100101101111110
00000000100001101010101000011011
11111111011110110101111100110000
11111111100110110100110100001111
00000000011111111110010000000011
00000000000001110001110100101100
00000000010000101100001000101001
00000000011110100100101111011111
11111111101110011001100001001000
00000000000001101000101110101110
11111111111111101010011101110100
00000000001011110000101100011010
00000000010100011111000000001010
11111111101011111111111000100000
11111111111011100001010111001111
11111111111010001101100010100001
11111111101010101010001001001110
11111111111010001100101110110001
11111111110011001100110010001011
00000000010000111010000001011001
11111111110110101000110010001110
11111111110001010110110111001011
11111111101111000000000011111111
11111111100111101111111011011100
11111111110110100000101001001111
00000000001011110011010111101111
11111111011100110110011010111101
00000000000101100100010010100001
00000000100100110101100001111011
11111111101110101100000111100101
11111111100100110010010001000010
11111111100011000011100011011000
11111111011110101011010100110110
11111111111101000011000110100000
00000000000010000100001111100010
00000000000111111100111000110010
00000000001011001101100100001000
11111111111000111011110111001101
11111111101010010110101101000000
11111111011001011011100101001001
00000000000101000110000111111001
11111111111111011000110001000010
00000000011011011110110111010010
11111111110011011000111011111011
11111111101000010101111010100111
00000000010110100101100101100001
00000000011000110100011100110000
11111111101101010100001110001111
11111111111101111000001001011001
00000000100001001101000010111101
00000000000000101111010000001001
00000000000100010011110101111111
00000000001110011001111010100101
00000000010010010000000110001001
11111111111010110000111100000101
00000000011000100111111000010001
11111111111011001001101000101011
11111111110101001111011100011011
11111111101100000100100000110001
11111111100110001011010001110110
11111111110110010000101111011001
00000000010001100110010100111001
11111111111011101100000001010101
11111111111110101010101011100111
11111111101101101011101111011001
00000000001101001100111010010111
11111111101100111101011101100111
00000000000001100110011000011101
00000000010000110111100001110010
11111111110101010011000101010001
00000000000011110001011000110000
00000000000010001101001010100011
00000000000010100110001101000111
00000000000111011001000100011101
00000000000010101111001110011111
00000000000000110001001010000100
00000000010010001101101101011101
11111111110011011011001110111110
00000000001001100111001101011101
11111111111010111110101001010100
00000000011000100110100010110100
11111111101111110011100001111011
11111111110000101100011101010001
11111111111110101100111000110010
11111111111001101110011001100001
11111111111110111110100011000010
11111111110110000101111011100100
11111111110110001101111110000001
11111111111010011101000000111011
00000000001100101000001011001101
00000000011011000000111111100100
00000000001000000110111010101111
11111111110001100111110000110010
11111111100001011111100010001110
11111111110001010001000010100110
11111111110011110001100001001001
00000000011110110100110000101100
11111111110111101000010011110001
11111111110001001100101100100010
00000000000111110100111011010100
11111111110001001100011101010101
11111111110000101100111000010000
11111111110011101100001001100110
00000000000110100100100000011011
00000000010101110100010110001100
00000000001101101011001100110011
00000000001110001010000000000011
00000000000110110001100011101010
00000000010001000101100110110111
11111111110100000011110000011101
11111111101111010010100010010001
00000000001100010110111010010101
11111111101101011010101011101101
00000000000110001000001110001011
00000000000111000000100001001011
11111111111010001000001101111000
11111111111010100100000001001100
11111111111001101110101101100110
00000000000101000010000001110001
11111111100110011011111111000110
11111111111101000011101011000100
00000000011000110010001101100110
11111111110110100110000111101001
11111111110110111101001000000111
00000000010100000101101001101100
00000000011010001100100110000011
11111111101011000000110100101110
00000000011010001011001010110100
00000000001111011011010100110001
00000000001010001111011000111001
00000000010001111001011110100010
00000000100000111011101011100001
00000000000111010111010110111101
11111111110111100111011110100010
11111111101011111110100100011110
11111111101011110000101111111110
11111111111100011010000000100100
11111111111010011010110110011000
11111111111000111101111111100100
00000000000010111110111010010001
00000000000010111100001001110010
00000000001110100000010010110110
11111111101011000010101010101100
00000000001011100101111101111001
00000000001001111110001110001101
00000000011001001011000001111100
11111111111111110101111010000111
11111111110100011111011100010000
00000000010000111000110000001011
11111111111011111011010010100000
00000000010101111000101001101100
00000000001000011101100101111110
11111111101111100101011010010101
11111111111000010000101001100010
11111111111101001011111000111011
11111111100110011000000010001001
11111111111101110001001001011111
00000000001110001111111011110101
00000000001001111100010100101001
11111111111100001000110011010000
00000000001001101010100111011010
11111111111100010010000010111100
11111111110110010001101101000010
00000000001110011010011111100001
00000000010100001110100100000100
11111111111010110101101101100101
00000000000111100100000111001111
00000000000000110110011110011101
11111111110000100011111100010110
11111111101100011110010010111111
00000000000001001001101101100000
00000000001111100010010111111110
00000000010001100101101100100110
11111111110000101110110010000011
11111111110101111010110101011110
11111111101010100001111010010001
00000000000110111010111001001010
00000000010001000101100100001110
00000000000010100100100010000010
00000000001011111011110010000110
11111111110110001110101111100010
00000000001110010110010101011101
00000000001001011010011101101010
11111111110001100001010100000101
00000000001101111111101001111110
00000000001010011110110110000001
11111111011010000110101010000011
00000000000010101101110111110011
00000000001011101011001101010110
00000000011110100010001000011000
11111111111111110100100100001001
11111111111111111001101111011000
11111111110100110011000110001001
11111111110111101110010100101001
11111111111000000100111110000110
11111111100001000100000001110111
11111111101110011100101110101000
00000000011101010010000110101110
00000000000111000010101100000001
11111111111101111001010101100101
11111111110111001111000101111000
00000000110001111011111010000110
11111111100010101111010010110111
00000000001001101001000000110001
00000000100010000101110101010011
00000000010100001101010001110111
11111111110010011100111010000111
11111111101100000110111100011001
11111111101110110101000011011001
00000000001001111101001111001111
00000000000101100111001110001010
00000000001110110101111110010011
00000000010110111010001111110111
11111111101110110001110000000000
00000000000001000011111101100101
11111111011000010101010011010101
11111111101001011111100010111010
00000000001000000000100100001111
00000000010000100110011101101001
11111111110001100100110010110111
11111111111101100001011001100100
11111111101100110100111100001011
00000000000010111001000010101101
11111111100000000100011010001101
11111111111101100101011101110100
00000000010110000111110010101100
11111111100111000000100111101101
11111111101000111001101010101100
00000000100000001110001100100011
11111111111010111110101111100000
11111111101110000001100000100100
00000000010100111000110010001101
00000000000110011001111011111101
00000000000100100101011000011011
11111111101100110001000010011010
11111111111100011001000110100110
00000000011001110011100010101111
00000000001000000100001000101110
11111111110001111011101011011101
11111111101000001110010010100000
00000000010011101110001011000001
11111111110010001001100010110000
00000000010100010011100000010110
11111111110110010101110011010100
11111111110000111011010011111101
11111111110001110101011010100010
11111111101111011101110110011011
00000000001001000101101000100110
00000000010111101110001000011010
11111111110001001101101110011101
00000000000011000110101001011011
00000000101010110110001001011111
00000000010110100100001011100011
11111111100010111001000010111011
11111111100011101110111011000010
11111111110001101110000011011100
00000000001110010111001010010111
11111111101100000000101110001010
00000000101000000110001010110110
00000000001010010100001100110110
11111111101011111111011010000000
11111111100110101011100111111110
00000000001001001101000010010110
11111111111110001110001111000010
00000000001110100001000000111010
00000000001101010110010101001101
11111111111110100011100000111000
11111111111000011000010111000000
11111111111010010001001101101111
00000000001101000011100111011000
11111111111000110010000000000001
00000000001111110101110001110100
00000000000110100101010010101100
11111111111110110011000100100110
00000000000001101100001100011100
00000000010001100100010110100110
11111111111001110110111111101111
00000000000101011101101110100110
00000000000101111110011011000111
00000000001101001100000011000011
00000000011000110100110010011110
00000000000100010000110011000101
11111111110001101001001100110110
00000000000011000000010011110101
11111111110111000100001101100010
11111111111011101110101101001010
11111111110111010101101011110000
00000000010000100011011000111100
11111111110010110001001010010010
11111111111000111010101100111100
11111111101001001110101101000000
00000000000110010000011011110011
00000000011101011101101111010001
00000000000001101101010001111001
11111111110001010110001000001100
11111111111000101101100001100001
11111111111001111001101010110100
11111111101111110100101100100100
11111111111010110111101010011001
00000000011100101110001101101011
00000000000001101001111101100110
11111111111000111111110010101101
00000000000001100110001000100100
11111111111000101011101110111011
00000000001010111011011111110101
11111111111011101000110010001000
11111111101101110011101010000111
00000000001011000010111001011000
00000000001110001010100100011000
00000000000001010001000010011001
00000000010100001001111100101101
00000000001110101010001001001100
00000000010001101000001110001001
00000000000111100101010011110000
00000000001110101101010011100101
00000000000011100010000011101111
00000000000100100010111001000100
11111111111000101001010111011100
11111111110001001000100101111000
00000000001100101000101101110100
00000000001100011111010100101110
00000000010000000010001100110111
11111111100111110001111111111100
11111111110110111110110001010000
00000000000101110010100011100010
00000000010010011011010000110000
00000000000011101011011100100111
11111111111111000000101011000000
11111111101011110101001100101011
00000000011001100011111010010001
11111111100110001110000011110001
11111111101101110010100011000101
11111111111011100000110110000101
00000000101001000000111000111100
00000000000100111010100000110010
00000000011000111001110111111110
11111111110000000011001001101010
00000000010011111101000101011111
11111111010101001011001010111000
11111111111110001110110000001010
00000000010011100111011000110001
00000000001101011111011001101100
11111111100100110100101010001111
00000000000001111010010000001101
11111111101000100001011011111111
11111111110101110000011010011000
00000000000110110010000100110001
11111111101100110100001000000101
00000000001001000110011000000011
11111111110101000101101011101000
11111111111000111111000000100101
11111111001110110000011000110110
00000000000111010111011110000100
11111111111001100101100111100011
00000000011001001001001111010011
11111111111100001101111010111000
11111111101000010101000100111000
11111111011010011010110001010100
00000000010010001010000111001010
11111111100110010111011100010001
11111111111111010010111100010000
00000000010001101110110100011101
11111111110111010010011000101100
11111111110001101101110110011000
11111111110111011001100101101110
00000000000001110001100000011111
11111111110001010001100000111011
00000000011000000001110010111101
11111111111111010101001101010010
00000000000011001010111110101101
11111111111010110100101100101000
00000000001011000100001000011100
00000000000110110000110001100000
11111111101000100010001110100010
11111111110101111101001101010100
11111111110101001000101100010001
00000000000100111011101101010001
11111111111000111101111111010110
00000000001000010100010101011101
11111111100111110001011110010001
00000000001000100110111001101011
00000000010101010010000001010110
00000000000010101111111000100101
00000000000010010110010101100001
00000000011100001010110011100010
00000000001011000110101110100101
00000000000010101011010111101000
00000000001101111011001100011001
11111111111001101101000000010110
11111111110110110010110010011011
11111111110001111000110001101111
11111111110111000111001011011111
11111111100001010001010011010110
00000000001101001110010110101001
11111111110010101111000100010100
00000000001111110011101000110011
00000000100010100111101111011111
00000000000100010000110000101010
11111111110001101001110001000011
00000000000101101111010100011011
00000000011100011001011110000000
11111111110000110000110001011001
11111111111100100000110110101001
00000000010011100111101111111011
11111111111101011100001000111011
11111111011100000000000110111000
11111111101010010001101101111100
11111111110011101010011101101110
11111111110111001011011111001011
00000000011101011000111011111011
11111111110010001110011100010010
11111111010101101110101000100110
11111111110111000111011001111010
00000000011101101110101101011000
11111111110111000001101111000100
00000000001111010111001001111001
11111111110101001110110111010101
00000000000000001110100110100101
00000000000001001010101101100111
00000000001010101110010000110000
00000000011100010010001111010010
11111111101110001111011000001010
11111111101111100011000110011111
11111111101000010101100100101011
00000000010010110001100101100100
00000000011000001100001101101010
11111111100100100010101100100101
11111111110110010001000011110011
00000000000000011000101101110100
00000000010001000100110101111001
11111111111111011110110001011100
11111111110001110111011101111100
11111111111011101000111110111100
00000000000001101101101110011011
11111111110010000011111101111011
11111111110011111001010110110101
00000000001001101101110010100100
11111111111000000110000000000101
11111111111100101111110001011010
00000000010001110101100101110000
00000000100011011100111111101101
11111111101101001001101001001110
11111111101111011110111101111001
00000000001001010100101110100100
00000000000101000000001010101001
11111111101111000111100110011111
00000000010001001000010000111111
00000000001001110111110100011011
11111111110101000111101110011011
00000000001001110100001100111001
00000000001110011011100001110011
11111111011100110001000101110110
00000000000100110010110101011100
11111111110001110101100100100100
11111111111101110001001000101001
11111111110101100000111100111001
00000000000010100001011111000101
00000000010000001110110000111010
00000000000101010011100100001000
11111111101101111111100001100100
11111111111011101110110011001010
11111111111001101001100000110011
11111111110100011011010001000001
00000000010000100101000001101101
00000000001010001101110110101101
00000000010010010101100101111101
11111111101010010000001111011010
00000000001001100011101000011111
00000000001011101010000100010111
00000000011001001100001001011010
00000000000001111000111111111110
11111111111011011001001001111000
00000000000111111101000101000000
11111111110101001100101111011011
11111111110000001000111100110000
11111111111000101111101111010000
00000000001010001100000001001001
00000000000010000111100100001100
00000000010011001000100001110110
11111111111010110010101001111111
00000000001101111111110100100110
00000000010101111010111101000000
00000000000100001000111011011001
11111111111100111010010001111010
11111111111011100111111010111101
00000000001101101100110000101001
11111111111111001010011110001111
11111111110000100010100010101001
00000000001111000111110101000011
11111111111000000000010001000100
00000000011110011110110010101101
11111111111001001101101101100101
11111111110000111111000000101101
00000000000001001001010011111001
11111111111000111100101010011100
00000000000101111000101000001000
11111111111110111100000111100001
00000000001110111111011010010001
00000000000011001110000001010000
11111111101000011101110011110001
00000000001110010011111000110000
00000000010100100111100100101010
00000000010110111110100110011001
00000000001000011011000010001011
00000000001011000010100000100001
00000000010001011100000110111111
11111111101110111111100110000110
11111111111010010000010110110000
11111111111111111000010001001011
11111111111000001000011010101011
00000000000111001101110001011111
00000000000111010101101100000110
00000000010000110101111001010101
00000000000001001001011110110010
00000000001000110011111110111000
11111111111101011001001100100010
00000000001111111011110111000111
00000000000110101001101110110100
11111111110100010001010101011001
11111111111111101101110110101100
00000000000001110010001100001000
00000000001110100110110011000011
11111111101000101100010011101000
11111111110001001111100000000101
00000000000110110000101110010111
00000000011000000000000100110111
11111111101010111101010010111100
00000000001001111000100010001010
11111111111000111110001111001001
11111111111110111100010100111000
11111111111001110110011010111110
11111111100110101111001011010010
00000000001010100000011110000000
00000000010101011101110010011101
00000000010010101101010001100111
00000000001010011011110011110101
00000000001111101101011110010101
00000000001100011100100110111101
11111111111011011100000110000101
00000000000000010000111100010001
00000000011100111111110010100010
00000000011011001101100101111110
00000000001100000110011001010010
00000000000011111011110011100110
00000000001101100011000011111001
11111111101001100001001100001100
00000000000101111001101100000111
00000000010000111001011110011000
00000000000000001011010101010010
11111111111000101000111100100011
11111111110111111010000011001101
11111111101010110101100000011001
00000000001010101000101000111100
00000000000001000000000110011110
11111111111011100010000011100111
00000000000001111101111101010100
11111111111100001111001001011011
11111111111000100011011110110010
11111111111001000110010100101010
00000000001101010111101111010000
00000000001101001011000111101111
11111111101101110001010101011101
00000000001100000000011000100111
11111111101011100000011111111000
00000000001101001001111000011001
00000000000010101001010110111000
11111111110100001011101111111100
11111111111001010001001001110101
11111111100110110110111011010110
00000000000011010100011100011011
00000000010100001101100111111101
11111111110000111100110111000101
11111111111011111011100100111001
11111111110110101000001001000100
11111111101110110111111111100010
11111111101011011011111010001101
00000000000010101001000011100100
11111111111111110110001010111011
00000000011011000001110000011110
00000000000010100111100010011001
11111111111111110001010110001100
11111111100011000101001111011100
00000000000100000000001101011011
11111111101101000000000010011001
00000000000010110110110010101110
00000000000001010001111011010110
00000000001010101011100101100111
11111111110001001001101100100011
00000000000111010101001010011111
00000000011010101001011011000111
00000000000100000110100010100110
11111111110101001010010001110100
11111111110010110011111001111010
11111111111010010001011011000100
00000000001011001011010100011010
11111111110101000111001101111011
00000000000100011101010100111001
00000000010001101011100111110001
00000000000001011000111110111010
11111111111101101101100111011100
11111111110010110111000011001011
11111111111001000011110101100011
11111111111001100101001101010011
11111111100111001111001101010011
00000000001110001000010110000111
00000000011011101010110101000010
00000000001010011011010101110001
00000000010011101100000110100101
00000000000101101101100000110011
00000000010000000001010101000110
00000000001011111011000111000000
00000000001100110111110010000110
00000000010111010100010000110110
11111111111001100000010111110100
11111111101110101101101101111101
11111111100011000111011101110111
00000000010000001101010100110110
11111111111001100111100100100100
00000000010000011111010110110010
00000000010101100001010111010100
00000000010001100000001010100011
11111111111001001101001010100111
11111111100111111111111110101011
11111111110001000001110000101011
00000000010001010010111101100111
00000000001000011000011101111111
00000000010100010101111011010000
00000000001111101010001000011011
11111111110101101111110110010110
11111111111010011010110100011000
11111111111110001000000100111100
11111111101111011001111101001001
00000000011011010001000001001011
00000000000110000010101111111010
11111111100101100001101010110000
00000000010000011000000101101111
11111111100011001110000100111011
11111111111110010100000010110100
11111111111110010010011000111100
00000000100010010100011011000100
11111111110110110100001011001101
00000000110010111010111010110001
11111111010000110111000100010000
11111111110011110101010100101000
00000000100110110011101111101010
00000000001011101011110001010010
11111111101010000101100011100000
00000000001000111010101000011011
11111111101111000100100010110011
00000000000001100011001001011001
11111111110110101110110000111001
11111111101111100010100000111111
11111111110100100010010001001100
00000000100111011101010001010001
11111111110110000000100001101000
00000000000110000010100111010111
00000000010110110101111001010011
00000000000110100010100101001101
11111111110011001000000011010100
00000000000001011111110111101100
00000000001010010011010001001111
11111111110111000110101010001001
00000000001110111101010100101111
00000000011010100110101110000100
11111111111111101010110001100101
11111111110000100010010110111111
11111111110100110111100100001100
00000000010111000000011111110110
11111111101110111111010101011111
11111111110000000001100101001000
11111111101011010111100001110001
11111111111100000001000100101110
11111111111101110111111010100011
00000000000011011011011110010111
00000000000011001101010111101001
11111111111101001111100111001111
00000000000101111011101011110100
00000000000001001111110011001100
00000000001011101001010001110101
11111111110011001001001100000011
11111111110000100101111001000101
11111111111110101101100111111101
00000000000011000000010001001001
11111111110110000100100110000010
00000000010010111000001111001110
00000000000010010101001000010001
00000000001000011101001101100001
11111111111011001110101111011110
00000000000100000000100101110000
00000000010000001100101101011010
11111111111001110010011111111000
00000000000110110000110110111000
00000000000100000110101011110100
11111111111000111100110000010110
11111111111000101011101101000100
11111111101000000100010011000011
11111111110100001011011000010000
11111111111100001001001111001011
00000000001001000100001101001100
11111111110001111000000111110101
00000000001001100010000111111000
11111111110111010110111110001010
11111111110001100000101101001111
11111111110001011011111010111000
11111111111111100111011111000101
00000000001100011010001101111100
11111111110100011110100001010110
11111111100010100011100111101001
11111111110110011110100111000010
00000000001101101011001010011001
00000000000101001100000010111001
11111111111000011100100111111011
00000000000011101000001110101100
00000000011100000001010100010111
11111111111001010111000011111010
11111111110001110001100110110110
00000000001110001101000110000110
11111111111100110111110101000010
00000000000101100100001001010011
00000000001110101001011000111100
00000000010100010010011000110010
11111111111010000011111010111111
00000000001001010100110100000010
11111111111111110101110100000110
11111111110010011111001100100110
00000000001110011100110101011111
11111111110101011010110111101010
11111111111000000000011110101101
00000000010101111101111111111000
00000000001111111011010010010011
00000000001000101110000101110100
00000000000100100010001001000111
00000000000111100110011001111011
00000000010001110011010111111001
11111111110101110110100010000100
11111111110110000110100100011111
00000000001001100011000010011011
11111111111000000111100000101100
11111111111111111010000111001100
11111111111111010001001001110110
00000000000000001101001011111011
00000000001001001111001000011110
00000000000100100000011011110010
11111111111001110110011111101000
00000000010001111000111000000110
00000000000001000010100011001110
00000000000010101101011010100101
11111111111011111100101111000000
11111111111010001101100010001010
11111111111100000011010011100110
11111111111000001100111000111100
11111111111110001000001111111010
00000000010001011100110011100011
11111111111011001101011101000111
11111111111001100001000101001111
00000000001100010011101111001011
11111111111111111111010011101111
00000000000110110001011000000001
11111111110000011001110110101011
11111111110011010100101001101111
11111111111111010100101000011011
00000000010100100011010000110001
11111111101000000101010010001101
00000000000010111010101111010010
00000000001010110111001100010011
11111111111000000111111111111001
11111111111100100010001110010101
00000000000101001110100000011101
11111111110000110100100011100000
11111111110001000111101011000110
00000000001101100000111010001001
11111111100100011100011100011011
00000000000100110111001010011100
11111111110110111101011010010100
11111111111110001100110000000101
00000000000011111101110010000010
00000000010101111110001110010111
11111111110100010000100001000000
00000000010010001001011101101000
11111111110010000100000001011111
11111111111010001000100101011111
11111111110011101101111101101001
00000000000001101100110010000011
00000000000101011001001011111001
11111111110101101000010011101011
00000000000101011100010101000001
11111111111000100101111100101101
00000000001101101110011100011110
00000000010100100100100001011000
00000000010011111100011110111010
11111111110001100001001101100011
11111111111111001000010000011011
11111111100100001100010011101000
00000000010000110011111011001001
11111111111111010111010010010000
00000000000100111010000010111011
00000000001101110011101111100101
11111111101101100101111011100100
00000000000100101010100000101010
11111111101101101010011101001011
11111111101111000000001000111111
11111111111111110100111101111111
11111111101101100001100100011101
00000000001000100110000110110100
00000000010110111100001111000011
00000000010110001100111010111110
11111111100100111011000101110100
00000000001101000000011001001100
00000000000011010101111110101101
00000000010101101110010100010010
11111111101100100100110100110110
11111111111110110011001100100101
00000000011011001110100111001011
00000000010100101111011011110000
11111111111111100010100001101000
00000000001101010111100110011010
00000000000100100001110001110000
00000000000101010010100100001111
00000000010001110100010010111011
00000000010010001110000101011101
11111111101111010100111101010111
11111111110001101010011110000110
00000000001001101010011000010111
11111111110000010100010100111101
00000000010011000000111011101110
00000000001000001001001110110101
00000000001001001000000110100100
00000000000100111011011110111011
00000000010100111100101010010100
00000000000011110111111101110101
11111111111010111101100111100111
11111111100111100110000011001110
00000000010100001011101001011101
11111111110111010110001101000110
00000000000110110001011101001010
00000000001010000011010011111101
11111111111010010000010011101011
00000000001010010001001011110101
11111111011011011000111001101011
00000000000101100101111101110110
11111111101011000111010011100111
11111111111010011100001111010101
11111111111000010011010100100010
00000000001100000001111111000111
11111111111110100011100110100101
11111111110101000100111001111101
00000000000010010111011011111110
11111111100100011001001110000101
00000000000000110001001000111000
00000000010011110101001011011010
11111111111110100100001011010011
11111111111001100011101001110111
00000000011011111101101001111010
00000000010100100101100011000110
11111111110011011001110011010100
11111111110100101101101000010101
00000000001000000000011000100111
00000000001011011101100110100110
11111111110000011111011100101010
11111111111100110111000011000111
00000000001110010111001001100101
00000000001001000111100010011000
11111111110100011010010000010011
00000000000111110000100001010100
00000000001001101001111101001011
00000000001111101010000101011001
11111111110100101101111000010011
00000000000011101110111101101101
00000000000010010000010011111110
11111111111000011000111011011000
11111111110001011100110110101010
11111111100110110111000010011110
11111111100011111100100101101001
11111111110100100000110100110110
00000000010000010000110101000010
11111111101000101100011000000010
00000000000110001100000001000001
00000000000101100100111101000011
00000000000110101100110100010010
11111111111011110110010100011110
00000000001111111111001010110010
11111111111010100011100011110011
00000000010010000011000001001111
00000000001001100001110101110100
11111111110011000101000010100110
00000000000100110101010101011110
11111111100101110010011111010101
00000000001011101001001000001101
00000000000000110110000001110100
00000000001100001111100000111011
11111111110011111011110010000111
11111111101001111001100110001001
00000000000110000000110000111010
00000000100010101010101000100110
11111111110100000010011001010110
00000000001000100101001000000010
11111111101111110110010011001000
11111111111111011000100010100001
11111111100101110111110001110110
11111111111000110011011110101010
00000000011011000111110100001110
00000000000000111001110011101010
11111111111011100111111010001010
00000000010001101111111111100110
11111111111010010110001010101110
11111111111000100100101001001111
11111111110011110101110010011100
11111111110011100111110100001010
11111111111110101111000110010110
00000000010001111100001011110110
00000000001001001001111111110010
00000000001110111010111010001000
00000000000001111100111001100100
00000000000001000101010111110001
11111111110110100110100011001110
11111111111011000110100010010011
00000000001011001100111100101001
11111111101100111011011101110100
00000000000011010110011110111001
11111111101001000000111001001011
00000000010101101111100010111101
11111111111100001101111000110010
00000000010111001110000111001110
11111111111011101011100000101100
00000000000000101110000010101100
00000000010000110101000000111011
00000000000100011110001110110001
00000000011010010100101100100111
11111111110000011100010101001001
00000000001011010100000101101010
11111111111011101010010000001101
00000000000001110001111100101100
00000000010001000010101001110001
11111111101011111001110100101001
11111111110111001101000011110111
11111111100011111010111001111011
00000000001000010100110010001111
00000000000001001101000111101001
11111111111010010000110101000110
11111111111101001010101100000011
00000000000110001000100010110011
11111111110000111100100100001011
11111111100100110001101111100110
11111111111001001111010111001100
00000000001111000011011111111001
11111111111010001011111100100101
00000000000010100010100000000011
00000000001010101110001000100000
00000000001111110001111011010010
11111111110001001000100111010001
00000000000101000010100011000111
00000000000000000011001101100001
00000000011010000000100011011101
00000000001100001100110111110011
00000000011011001101010110100001
00000000001000101101000100000110
11111111101100111110010011111001
11111111111000001101001110100111
11111111110001101001100101011000
00000000001101011111011001001101
11111111101011101100101011110101
00000000000110101101001100111111
00000000000111110001011111000110
00000000000000111001110111101000
00000000011010011101011001010001
00000000000101000100100000011111
11111111101110100000101010001010
11111111011110000111000100010000
00000000001001001000111100010001
00000000010001011111111101101111
11111111111111110011111111111011
11111111101110011011000101010001
00000000001000101101001101001011
00000000000111001110101111100010
11111111101111100110010011111010
11111111111110001100101100011011
00000000010111001100011111011001
11111111110111011110110100110110
00000000000111101000110111011010
00000000000000000110100111010100
00000000010100000001010101101111
00000000001011001110001001101110
11111111101111001110011011111111
11111111111101011011000110111100
11111111100010000100001100110010
00000000001011010000110110111100
00000000000111100110100111011101
11111111101110000100110111100010
11111111110110111111100011110100
11111111110100111100001000100011
11111111111100110101011000010001
11111111011011001111001001010110
11111111110001000001011110000001
00000000000111001011000000101101
11111111111101010000010101010100
11111111010000101110001001011111
00000000000011010010101001010001
00000000001001001011111111010111
00000000010101010100011101011000
11111111110110001111010011011111
00000000000101000000010101111101
00000000001100110110100111000101
11111111110101100011100111100001
00000000001011100001100100100010
11111111110111011011010110011000
00000000000000100001001000110101
11111111110000001011000101001110
11111111111110110110010100111100
00000000000110000101101111001001
00000000010101000110100011000010
11111111110001010011110001011111
11111111110111111011010000010100
00000000001001000110110001011011
00000000010001011111100010000010
11111111111101100001110000000111
00000000000100111101111110010101
11111111110010011101011000001100
00000000010000000000011011100001
11111111110110001110011101010010
00000000001011001010100111111100
00000000001001101100101100011101
00000000000010101000001011110100
11111111101010101101110111101000
11111111110011101010110000000010
00000000011010110000000001011111
11111111110001001000011011001111
11111111111001011101011100011101
11111111111010011010001111010001
11111111110101010111101111100100
11111111111011001100111101100011
11111111110000010111010111010100
00000000000011011001011111011010
00000000000010101001111101010110
11111111111011010111000001101111
00000000010110000001011110001101
11111111111001100110011100100111
00000000001101011111011101001000
11111111100101101011101110100100
11111111100010000111010110101110
11111111111100001110100010011001
11111111111000010101000110001010
00000000010010010111011111100111
11111111110011000110010101100100
11111111100111011010101110101101
11111111110001111110011000010101
00000000000111011110000000010000
11111111111111010111100011001010
00000000000101101101111110010111
00000000001111111110000001111101
00000000010011110100000000110111
00000000000010010101000110001100
00000000010110010010101101010001
11111111111101010010010000100110
00000000000101100011011100000111
11111111110111110101011011100011
11111111110111111111011010111101
11111111100010001001111110001101
00000000001111100001010010111001
00000000010101000000101101111001
00000000010001011111001100111010
11111111111100111011010011011111
00000000000010101000100001110010
11111111101110101111111010011111
11111111011100000100000100110001
00000000001111101000111000101101
11111111101000100001010111000101
11111111101010011001011110010111
11111111111100111100101101111001
00000000000101000110010000011100
11111111110011111111101100000001
11111111111001100001000001000111
00000000001011101000011001101100
00000000000100000000011000011000
00000000000101110011101011100100
00000000010001011101000110000010
11111111110011100100111110001010
11111111111110010111111100101001
00000000001111101011001111001100
11111111111101110110011111000111
11111111111010001010100101011100
11111111111000001100000001010101
11111111111000000000111100111111
11111111110100101001100100011001
00000000010000010101100100111001
00000000000101101110011000000100
11111111101001000000011100100000
11111111110100101101010100100011
11111111111000000100101000101010
00000000000110101010000101011011
00000000001100101111000111100101
11111111111010100000011100111001
00000000000010000110011100110001
00000000010101101110110101100000
00000000010011111010011011101000
11111111101111111000001101100011
00000000000110110001000000110111
11111111101111001001111000011101
00000000010011100011111110111000
11111111110110101100001001110010
00000000000001100010001101111011
00000000011010010111010010001010
11111111111001000111001011011101
00000000001000000001100011100100
00000000010000000111000010010111
00000000011101011101101001001011
00000000000011111110010101011100
00000000000011000000011100110101
00000000000010101101100000011110
11111111111001001110011010100111
11111111101101010101000110111011
11111111101010000111110001011010
11111111111100000111110110110101
11111111111000111111110000101101
00000000001011000110101101001010
11111111011010111010010100001110
00000000001110001001001110000000
00000000010110011000110000111110
11111111111110001110010101010111
11111111111110111111100000010110
00000000000101100100101111001011
11111111110100001101101001110101
11111111110010101000000011101111
00000000010101011011100110110100
11111111011110001110011100011001
11111111111001011110010111000001
11111111110000111001100101100100
11111111111000101100100101110000
11111111101000010101001011111000
11111111101011100111110110010000
00000000010011001000010101010000
11111111011110110101110111001101
11111111111001110001101000011100
00000000010011101111010101111011
00000000000011100011101100111110
11111111110110110000001110110101
00000000010001011111101011011000
11111111110011100110100111100000
00000000011100100111100000110111
11111111101111000011110001100111
11111111100111000011010101000110
00000000001001110100100000011000
00000000000111110111010100111010
00000000000101111111001010110111
00000000011100010011111011111100
11111111111101101111000011101001
11111111111100000110101100101101
11111111111001110100110101111010
00000000001000110110111011010100
00000000001001010100111011010011
11111111111001101100010111100101
11111111111110001001100100110000
11111111110100110010101010011100
11111111111100010111100100100111
00000000000000100111111100110100
11111111111001111111011000101101
00000000001001100101111000001000
11111111110011111111100110111010
00000000000011010101110010000101
11111111111000011100100100000111
11111111110001111010000100111100
11111111101001101101110110011101
11111111111110111011100101111100
11111111111100100010000101101010
11111111110010000010000100101000
11111111111101111111001101010001
00000000011010001001110100001011
00000000000111110111110111011011
11111111111010111010100001000110
00000000000100000111111011101100
11111111111000000001001100110001
00000000011010111001110111010001
11111111110101001110010000100110
11111111110100001001010010001101
11111111110000100100110011110100
11111111111001111000011101111001
11111111101111110010011000000101
00000000000010010010110100111010
11111111110101001101010100000001
00000000001101110011110001000000
00000000000100011111011101100001
11111111111100100010001011000000
00000000010011010011010100001100
11111111111110111011101000000010
00000000000010110000101001111010
00000000000001010110000111100111
11111111110111111110010001001011
00000000010111000111010111101011
11111111101110101100110100011011
00000000010001010011110011111001
00000000010101011001001011111110
11111111110010011000101100111001
00000000000000011100011101011000
00000000001110011111101010001101
11111111110111110000001101001110
00000000010011101100000000001100
00000000010101001101010001001100
00000000001010101000010001101010
11111111011110110001010011101001
11111111011101000101110111101111
00000000000011011000110110000000
00000000011000001110001101001001
11111111110000110011101101000010
00000000011110101001001010001100
00000000001000000110101010000010
11111111111011100110011100110001
00000000000111001101000011100001
00000000010001000011100000011011
11111111101110110101000010111011
00000000001100011010011100011100
00000000001000100111111111011111
11111111110011000100000110010011
11111111110110000011100010110010
11111111111110110010101011010001
00000000001100101111000111100101
11111111101110000010111000011110
11111111111101110100110101000001
00000000000010110001100010101011
11111111111010111000010101110111
11111111110000010111001011100111
11111111111001111100001011010100
00000000000101001011100010100010
11111111111001100010111000011110
11111111111101011010001100011110
00000000001011110001110100101110
11111111111101100010110001000010
00000000000010001111111111111110
00000000010000011001010111001101
00000000010010010011001110101101
00000000011111110001001010110010
00000000000010101000011011001100
11111111101110111100101001000011
11111111101001111011110000011010
11111111111001000100100101001111
11111111111100111101111010000100
11111111110111111010011001110100
00000000000000100001111010101000
11111111100001101000010110001111
11111111111011001010011111011101
11111111111011101010100110010011
00000000000011001000101000000000
11111111110000111111110011010101
11111111110111001000111001010100
00000000010100010101111111000100
11111111100101011100000000010100
00000000000111000010111001000010
11111111111111011000101111001101
11111111110111001011010001000111
11111111111101000010010111111111
11111111111001001001101011010110
00000000001010100101001111000000
00000000010110101111110010001111
11111111101010110011011101111001
11111111111001100001101011010010
11111111111011010011111001111111
11111111111100010101001000010101
11111111111001111111111010010010
00000000001000111011110110100011
11111111110011110011100111010001
00000000001101101101110000010001
11111111111110101010010100010100
11111111111110110111100110001101
11111111110011111110111101100100
00000000000001001101111100100011
00000000000110000000000011111110
11111111111011011101000010011110
11111111111010101111001111011101
00000000001000001111110100110110
00000000011010100101010011110110
00000000001001110110100101010111
11111111101110010011001110110110
00000000001000100010111011110001
11111111101011101100001111110001
00000000010110010010001111100110
11111111101000101010011100000101
00000000011100100110000010100101
11111111111000001001001000111111
00000000001010100001111111100100
11111111111110011000011000111110
00000000011001010101110100011011
11111111111001101010010111101000
11111111111111111110101011110001
00000000010110000110111001010110
11111111110111010101100011110101
11111111101010011011101001010011
00000000001110001111000100110010
00000000010110001010110110010011
11111111111011011101001000111111
00000000010110111101011110001100
00000000100001100110001001000011
11111111110101011111000100101100
00000000011000001110000010010010
11111111111001000010100110101001
00000000000110111010000110100001
11111111110010110100011001100111
11111111111100001001110010101001
00000000001101100110110101101001
11111111100011110011000100011111
00000000011110100110000110010110
11111111110100101001011011000010
11111111110100000110001100010001
00000000000000101100111011110111
00000000010001111011110001101000
00000000000110111010101010101001
00000000001111011001011110101001
00000000011111101001001111101010
11111111110011110100010110111110
00000000001011110101110101101000
00000000001010110011111011001101
11111111111000000011111110110000
11111111111010100111110100101100
11111111111111011000011100111110
00000000001011000000000100011010
00000000001110111011111011010000
00000000000110100001100111011010
00000000000000100010000110000000
11111111010111101111100101110110
00000000000100111011110010110101
00000000011111010001110010101111
11111111110001100001110111100111
00000000000101100010000011111011
00000000100110111010000111011000
11111111101010010001011001101111
00000000100000010011011010011011
00000000000001011110101100011001
11111111110010101011010000000110
11111111110011001001001010001000
00000000010101101100101111000010
11111111110011111101100100100001
00000000010001011110111011100011
11111111111100101011110011110111
00000000001111001101001111110101
00000000100001011100101111001100
11111111110010111111000100101111
11111111011111101010100111111001
00000000001101011110100100111110
00000000011001101101111111001000
00000000000001000100001000010111
00000000000100011011110000000100
11111111111010011011001011100111
00000000000111100101010100111010
00000000000101110100000001110110
11111111101100011100011010011110
00000000000110011001101100001011
11111111011001011001001110110011
11111111101111111001100010110010
00000000001000001000000001100110
11111111101100011010101000001011
11111111100101000101001010011001
00000000000110101101001111001110
11111111111001011010110100111001
11111111101011001000011100110000
11111111111001101100111101101011
11111111111101101101011100000000
11111111101110100000101100111011
00000000001001111010000111101110
11111111101100100011111010101010
00000000000110010001110011011101
11111111111100100100001010111111
11111111110001101100110011110111
11111111111001001011000001111010
00000000001111011001010100001000
11111111110101110101101110010110
11111111110010110100110110100010
11111111110110111010101101101010
00000000011011001100111001011000
00000000001110100010110101111111
11111111110001100100001111000011
00000000000100101010111000100010
11111111110110001001000000100001
11111111110010110101010110001010
00000000011000110011110010000110
11111111101010110011001100111100
00000000000110011100100011001101
11111111110111111001111010011100
11111111110000111011001001001011
11111111011111011010110011010100
00000000000010001110001110110000
11111111110001001110001000001110
00000000011010111010101010000010
00000000001011110111000100100110
11111111110000010000100100001000
11111111110010010011110001111110
11111111110011101111000100011100
11111111011111000110011101110100
11111111111110100100010111110011
00000000001000011001010111010111
00000000000001111011111101000000
11111111111000001011101011000001
11111111111000110110000000111110
00000000000010010001100110110110
00000000000111101010001111011101
11111111110011101011111011111001
00000000001001110010110111100010
00000000001100111000100100011100
00000000001011011011011010111101
11111111101111011011100111000111
00000000000101001010111100100100
00000000001111000011111100011110
11111111101001100000011001011010
11111111111111110010110101001000
11111111101111111101100101101101
00000000000001101100001111001110
00000000000111010100100001100101
11111111111010110001001010000000
00000000011011011000011010110000
00000000011011001001010011101100
11111111111101110101000000001110
00000000000110011011111001111100
00000000000110110011111100100011
11111111101100000000011001111111
00000000001010100110011110110110
11111111100010111100111111110100
00000000001001011100110010001011
11111111111111101000011100010101
00000000001101011111101010111000
11111111111100110110111111110111
11111111110101100110111111011000
00000000011101010001110001011010
11111111111000101101001001000111
00000000000010010001100011111011
00000000011010100011001001010111
11111111111011110010111100011100
11111111101100111101000011110111
00000000000010100101100101100110
00000000010001111010100000010010
11111111110111100110011101100100
00000000010001111010101011100000
00000000000010011010001100100110
11111111110100001010100011111100
11111111111110010100010100100110
00000000001110001111100010000100
00000000000010001110111010100100
11111111101101101010111010111010
11111111110011101110110010010010
11111111111100001110110100100111
11111111111110001000010010010110
00000000011101100100101110011010
11111111101001100100100011101100
00000000000001100111001010011100
11111111111001101010010110110110
00000000000100101000101100110011
00000000011001001000000101110001
00000000000011111000001000111101
00000000000111111000011010000101
11111111111110101011100100010111
11111111110000111011010011011000
11111111101010110110101001010110
11111111111100011111100111101101
