00000000110100110011110111101101
11111110001111111001010100011100
11111101011111101011010001100000
00000001110110100011111101010010
00000000011110100110011101000110
11111110010110111001001101011010
11111111010010100110001110100111
11111110111011001011010101001110
11111111011010101101110011001110
00000000011000101111100100110100
00000001010000010011001100011010
11111101010000100000000101110100
11111111110011001010011000011101
11111110000010100101101010111110
11111100000100011100110011010100
11111110000101111110010101110010
11111111000011111101110011010001
11111111011101101101110010001111
11111110011111111000011010111110
11111110010001001111111000000000
00000010011111001011100000010000
00000001010100100010000001011000
11111110011110110101111100100000
00000000111010111000111001111010
11111110100100000100110100011010
00000000000110000110010011110001
00000010011100001010010000010100
11111110000101010101100100010100
11111111110010001010100010000000
11111101011101000000101111011000
11111100101000100011101001101100
11111101011110101000110010110000
00000000111101101110000011100111
00000001111100001111010111100100
11111110111100011001100110111110
00000011000011110010001011100000
00000000000010001011110111111100
11111111110100101001111101010010
00000001011000010001011100110010
11111101111000110111110010100000
11111110110100110110010110111110
00000000010111000100101011101111
11111111111000010010011000111001
00000000000001101100101011100001
00000000010110111110110001110111
11111101111011100111001101100100
11111100110111111110000110111100
11111101101111110011011000010100
00000001111001100010000001011110
11111101011110110011100101001100
11111110111000101101010110011000
00000011101010110011110110100000
00000011010101101010100011000100
00000010011000110111010110101100
00000011100001110100011000011100
11111110111011001101101001011100
00000010010000000000000001011000
11111101111011101010111110110000
11111011100110101110000000000000
00000100000100010000010111001000
11111111101001101110111011000101
11111100011001110111001010100000
00000001000110000011110000011110
11111010101100000110101011111000
11111111000101110110110010010001
00000100011000001110001100101000
00000000011101010111100110001010
11111101001111011111110100100100
11111101111010000001010010100000
11111100101010000010110011001100
11111010100101111111110111001000
00000010110010001011001010110000
11111101011001010001011001011000
11111101010010100110101101011000
11111110111010100010001111011110
11111100101111101000000110100100
00000010010110010101100101100000
00000010111100110010110000111000
11111101101000110110101110001000
00000010110000011111111010100100
00000000011001111100111011111100
11111111000100111111001011101101
11111101100101000110010010101100
00000000111001010010001101111010
11111110101011111101110010011110
00000000011001011100110110011101
11111111010010000110001011110110
11111100100100110011111001011100
00000011100110101111010111000000
00000001111001100010010010011110
11111111111001011011111100101011
00000001010111001010010101110010
11111101001011100110010010101100
00000001000100001000110111111010
00000000010111011001010111101111
11111110101000111010110010111110
11111111101011011001001011011110
11111110000010000010111100010100
00000000110110100100000110101111
11111100100011101110110111011000
00000010101100001101010111001100
11111110100011010001011110110000
00000001011100000101000100100110
00000001100001110000111110001010
00000001101010001001011100000100
00000000101100001111101100100101
11111111101101010101000010010111
11111111000101101001011100001001
00000001011100000110010001111110
00000000010010000001110100111010
00000001011010010010010001100000
11111111001100101110010010010111
00000011111110111110100000001100
11111011111011101010010001101000
11111111001101001110111110011100
00000001011001011111111011011010
00000001111111001111101010010110
00000001110001010000101001100110
00000001000111010100111111010010
11111101111100100110001011100100
00000000111011111011110000010101
00000001111011000000101001010100
11111100111011010001000001011000
11111110001100000001000010100000
11111111001111110000101111011110
11111100001010110100111101100100
11111011101000010001110010101000
00000000101100010001100000100001
11111111010000110101100001000011
00000000110011000101101011011011
11111101101100110100101001010000
00000001000111100101110011001010
00000000011000010001110001111100
11111110101101111000010010111010
11111110000000101010010100011110
11111110001100000101100011100000
00000001001000111101011010111100
11111111110010000011101011000101
00000000010111110110100110000101
00000000010100010010000111001111
11111111101111111101000100110100
11111101100100101010001111110000
11111100011011101110100110111100
00000001010110110110110100011000
11111111110001101001111001010010
11111110010001111111111001101010
00000001101000010001101110000100
11111101100011111100000100010100
00000000000110011000111000110100
00000001111010111100100001010110
00000000110110100111001100000101
11111111001011101011100101001010
11111111100111010110101010101000
00000000011010010000000001000001
00000001100000011011100011001100
11111110111000110100111110001010
00000010111110000111010010010100
00000000110101111010101000001010
00000000010011000011000100010011
00000001101010110100111100100110
00000100000001001101011011111000
11111011000110101011101010100000
11111100101001110000110010011000
00000000111011000001101000011100
00000001011100110111011000110010
11111110011100000100100010010010
00000010010111111100000010001000
11111101001100111000010001010000
11111100100100000111010010011100
00000100001010101111011111001000
00000100010110010110010110100000
11111100111111101011100111101000
11111111100111111101110100010010
11111110010010111101000101010010
00000000110101010001101011111001
00000000110101000000001000111010
11111111111011000110010010100111
00000001101000001001110111001100
00000010100000110101100011000000
11111100000101100010011101101000
11111101110010011101000001110100
11111011111111111001101101010000
11111011011100010011010111000000
00000000000011001110111001101110
00000100000111111010111110000000
00000000001100100000101100001011
11111110101111000000011110100000
00000011110110000001001100111000
00000000111011000000111111101110
11111111001110101000000010110001
00000010110101010100111100011100
11111110010010011111010100010000
00000000001110111011101110100000
00000000111000001001000011000100
00000010101011001011111100011100
11111110011010100011011010101110
11111110011100011110111010010010
11111101111111000000001010111000
00000000011001001010111010111001
11111111000011001100000111001010
00000010010010110010000110010000
11111111111101010001001100011011
11111110111101000101111100001000
11111111110111000011101011111110
11111111001011011100010000101111
11111111001001100101100100100100
11111101110000101101000001011100
11111110000011000011011000010010
00000100010101001011100111110000
11111110110100000111110101010100
11111101001101100100101010010000
00000010011110000011000100010000
11111111001001011110000101100000
11111101100011000101010110001000
00000000010000001000101011001101
11111001110011101110100000100000
11111110011001000110101111001010
00000001110101011101100110001110
11111111101110001110100100010110
11111100100001000101100000101100
00000010110111110101100010010100
00000010001001101111010110111000
11111101110110110101000010110000
00000000000001001100110100101101
00000000111010101001101011101011
00000010110001010101100001000000
11111111011001101001010000011011
00000001101101110001110010000010
11111101101010110011101101101000
11111110010101001111001000110110
00000000100111010001000110001010
11111110111110010101011010100000
00000000011011000010010101100011
00000000110001101010010011000110
11111110011010110010110101100110
00000011010101101001000000111100
00000000111010000010000101010001
11111101101011010000101011111000
11111111111101100100000010101001
11111100001000101111110010101100
11111111010011111001111011101011
00000101100010110101100100111000
00000001011101101010000001001110
00000000000101011101010110011101
11111101011101100010001100000000
11111001010100100100110010111000
11111110000001100010100110110010
00000001000001000101001111011110
00000010100011100111101001011100
11111001111000001011010110111000
11111111011111100011110101111101
00000001111000111010100100110010
00000100000010000111110101101000
00000010100101110010101001010100
00000001011011011001001010101110
00000001000000111110010100001010
11111101101111101011000110011000
11111100001001100111011111010100
00000011100010011100101010011100
00000000100011101111001110010000
00000001010010000011000100011000
00000010101011001111000001111000
00000000111100001011000000111001
00000011110001111000010000011100
00000011011101001110001000101000
11111110000001100100100000000100
11111110100010011010001000010000
00000010100010101000110000111100
00000001000111011000101000101000
11111110001001010010011000100000
11111110010111000100010011011100
11111101100111100110110001111000
11111111101010101001000100110111
00000000001001000000001011101100
00000001100011011000110100010010
11111100011111011110010111110100
00000010101011111100000000111000
00000010010011100011010010001000
11111111101010001111111010100000
00000001011011000010011100011100
00000001011011100010010100101100
11111100010011110000110001001000
11111111111000000000001010011100
11111111100110011011100100011000
00000010100100110010010001111000
00000001110011011111011111111000
00000001011000111101110101011010
00000001001110100010001011000100
00000100001011101100011011100000
11111100010110010011011000100000
11111111110111001011100001011000
00000010000000100000110110010000
00000001000110100101000110010100
00000100101000100100100100101000
11111111100000110000010000000001
11111101000010000111110001110000
00000100011110000001101001111000
00000001001101000011001010000100
11111011001110001101000100101000
00000000111110100010001101101111
11111110100101111100110101001000
11111110010110001111000110000110
00000001100000001100101000010010
11111011111110110110011011000000
11111110111100011100101001101010
00000010101010110110000011000100
00000001011010011111110100001110
00000000111010001100111011100101
11111110011100011111000111011110
11111111111101101011110000011101
00000011000111100011101110100000
11111101101001010000100100001100
11111111011001001101010010100000
00000010111101101000011110010100
00000001101101111000100001100100
00000001110100000001110111101010
11111110001010000001111000011010
11111100001001011110001000101100
00000000001010111111100001111101
11111110011111000000000010101110
00000010001111011110001111011000
00000011011010111100101100000000
11111110110101010011010000101110
11111111001001001010000011111001
11111110000011100101110110011100
11111110101111001110001100101010
11111111000001000000011001001100
11111101010111011000011100100100
00000001110101001100001000100100
11111101100101110010111101010000
00000010100000000001110000010100
00000001101101000101010101000000
00000001100001110111000111100110
00000010001110010010111110011000
11111110100110110001010100001100
00000010000010101000010010110000
00000001100110010011011010111110
11111111100000000001010001011100
11111111011101101011011010101100
11111110000001101001111100001010
00000010110100110111110011101100
11111111110001010010011100100010
00000010010001000111101111000100
00000000100010101011001011100100
00000010100100011111010011001000
11111110001101000100111111111100
11111111010011100100111011100101
00000000110010110110111110100111
00000000010010000000010110011111
11111111010110011001110101110011
11111101100110110111111000111100
00000000111110111001001100011010
00000011000101100001101101001100
11111110101111011111101010110100
11111110001011111001110000100110
00000001110000101000011111010010
00000000001100010010011110010110
11111111011010101100110000101001
00000000111010110111011011111111
11111101100011001001111111100000
11111110011101110011010111011010
00000001111111100010101100101000
11111110110001010100010111101100
00000001000001110100111110100000
11111111111000111100000101011110
11111101010111010111000111100000
11111111001101010100000111010101
00000000000011001001011110000010
11111111001100001100101101000010
11111111011110000001011011000011
00000001100011000111011111011010
00000001011111011000010110111100
00000000100010111011011101100000
11111111111101110110011001011001
11111110101100001011010001110110
11111111111000100111111010110001
11111110111010010111011101011010
11111101100100101010100011000100
00000001000101100011011100001010
11111110100100000010111010001000
11111110011111010100011001110010
11111101100011101111100011101000
11111110111011100100111001010010
00000001001011000010100001110110
11111101110111110000100110011000
00000011101100011110100001110100
11111110010100001001010011101100
11111100111011100011010000000000
00000011010100110010101011111100
11111100010101110111010111011000
11111100101011111001010000111000
11111110110100001100010001110100
00000010001010000111111010100000
00000010000110111100100111111000
11111100011110110010001011010000
11111110110000110100111101111100
11111110011001010100100011010110
11111010110011011101111011110000
11111100100110110000011111100100
11111100000100010101110111010100
11111111101111000110010011101100
11111111111111011010111000100000
00000010011000010000100111110100
11111100010011100000010001001100
00000011001100111001111111010100
11111111100111011010111111011101
11111110010111111000001100000110
11111110010100010010000001100110
11111111000111100100110100011000
00000000111001001010111100011101
00000101000011111110110001100000
00000000100111010100101100011001
11111110101000011111000100111100
00000000000110001100000010011110
11111111011001100110101000001011
11111110001100101111110101001000
11111110001010101111110001000100
11111100111100101010100100101100
11111111111101110100000111001010
11111011101101101111001100010000
00000001111001111010101110000100
00000011001010010100100100001000
00000000011101010000111001110110
00000000010001110011101001011100
00000001010100101000001000101000
11111111100111101110101101001001
00000010010001111001111100111100
11111110111111010110101001100010
11111110011001110100110100001000
00000001011101111011111100100110
00000000110010100000101010110011
11111111101011110110110000000000
11111111011101010011100000011010
00000010000100100101101000000100
00000001011110110100000011100100
00000001000011110100001111100100
11111100111110111110100000101100
00000000101010010001110000010110
00000010100010111001000001100100
11111101101011010001001010101000
11111110010101101001001011000010
00000000011010101100011010010000
00000001011100000000100001110110
11111110010010001001010000010100
00000010010101100101010001011000
11111111111100001000101010110110
00000000001100001000011110000001
00000010011100101100011011100100
11111100111111101011101100000000
00000011100101011010111100001000
00000001001001001110011111010010
11111101001010111001011011100100
11111110101011110111111110010110
11111101011110101001101011001000
11111101001000100101001001101100
11111110110000011000011010101110
11111101100000101010011100111000
00000000101100011000111100111110
00000001010111001100011000000100
11111011000100100100011001100000
00000011010010010001011001011100
00000000100101111000000111010011
11111111011111100110110100001110
00000010010100011000100111100000
00000001001110100110010111000110
11111110111101111001101111010000
11111111101111100100011100010000
00000011100010000101110001100100
00000001011011001000010100111010
11111111011000001010001100110011
00000001100000000000011111101010
11111100010100110001000110000100
00000000110110110101101000101000
00000000010011001010011110101011
00000011111001100100011001111000
11111110001011010010111000001100
11111101001011100110001111101000
00000010000110100110010000000100
00000001111100011010100111100110
00000001111101010011010001001010
00000000110101111101101010111100
00000001100000100010001111111000
11111101101110001001000001101000
00000010011100011001000011100000
11111100011001111111000001110000
11111100101111000001111001100000
00000011110111101001000101101100
11111100011000010011101000111100
00000100000011011110000101110000
11111011110101011100011101101000
00000000111010010001110111111100
00000000011001000101101110001001
00000100000100001100100110001000
00000010111011110000011111100100
00000011010111111000011010000000
11111101011110000100111111010000
11111110010100111011011101101010
11111110111010001110000110010100
00000001111001101100010001001000
11111100010111011101111011101000
11111101001110100001000011101000
11111110101010100001111011000110
11111110101010111010001011000100
11111110111011101100101110001010
00000001110011000100110101100010
11111110100110011100110000100000
11111110100101110011010011111110
00000001000010010000111101100100
11111110110111011100000000000010
00000000011001101011010100010000
00000000000110100000010000101110
11111111101011010000101111111101
00000100010100110001110011000000
11111100110011000100000001111100
11111011011110001010110010100000
00000010100000000110011010001100
00000000110101011010001010111011
00000010101100101101001111001100
00000001011010100100011101010110
11111101001001011110111110001100
00000010101011111101111111010000
11111110001000100001110100001110
11111100100110010010010011110100
00000010001111101100111101111000
00000000010100101010000000100110
11111111101001011111010100100101
11111110011001110100001100001000
11111100101110111110110011010100
00000000001101011000100111101000
11111111001100001111011001111100
00000100000110110001101000001000
00000000110000111011001011001000
00000001111110010101100100001110
00000001001010100101110000001100
00000010100011101111100010101000
00000010001100111011100110011000
11111111011100101011001001000001
11111110011000011000110101011000
11111111111001100001011110101001
11111100101001010000011101100100
00000000011111111010000001101100
11111101110010100010110101000100
11111111101100111110111111100101
00000001111101100011111000110010
11111110101100101001101000110000
00000001010001010110000101010000
00000010010101000000010000110100
11111100011000011100101001011000
11111110100101111110010111110000
00000010000010010101110111110100
11111111010001101101101011111010
00000001000100101110010010011110
11111110111110100100101111010000
00000000100101111010110010111001
00000000010011001100011010010010
11111110000110010110011000101110
11111101110000000111100111110000
11111101101011001111011001011100
11111011110101111101110011111000
00000001110111010100001100100100
00000000111010000010110010011111
11111101010010111110010101100000
00000000000001010010100111111000
11111101100101010001110001111000
00000010000110111101000110000100
11111111101100100100110100010001
11111111001001000010001001001101
00000001101011100001101111001000
11111110111011011110100100011000
11111100110011000010101011101000
00000000001001111100010101001101
11111111001000001100001000100011
00000001111011110100011001110000
00000000011010001010100111101100
11111111101110100100110000100001
11111101110001110000010011111100
11111101001111000101100101100000
11111111101010111100110100111110
00000011111101011001011011111100
11111100101100010011011011101000
00000101110111010100101111000000
11111110000001100011110100010010
11111010011100001100100001111000
00000001011101111101011100111100
11111110001010110001001000010000
00000001101101110111001101010100
00000100110110011101110110011000
11111101101100001001000100000100
11111100001000011010010100001100
11111110110010100110110001000000
00000010100100011011110000111100
00000001111001101100100101111110
00000000010001110001000110110011
00000010000011110010001011100100
00000010110101011001111110110100
11111101010011111001011011000100
11111100101001111101100101101000
11111101010010101110001100010000
11111110110001000011111111001110
00000000110000110101111111000001
11111111000110011011000011001000
00000001100101100011101111110000
00000001100000111001100101011000
00000001010111001000001001001110
00000001110000000010111110110110
11111110110110110100001010001110
11111101000011000101111001000000
00000000010000011101110000010010
11111110111001001100100111101100
00000000000001011011111110111000
00000011110111101011011001011000
11111100011110000000010010010000
00000001011100011000100110101100
00000001010100010011001010110010
11111111011101110100111011101010
00000011000101010010011100100000
11111110111111100001001100110110
00000010101010100101000100011000
00000000011100010001110011001100
11111111010011000010111110000101
11111101110110100111010100111000
11111100000111001100000000001000
11111101010100111001101111010100
00000001011100000110010010011100
00000001110011011110001011101010
11111110101111110100111001000110
11111111100110111010011010010000
00000000010010000101111000100011
11111110100001011001011001011110
00000010101001001001011000111100
00000001100110110110100011000110
00000000110010111101011001010001
11111111010011011011010110100110
11111111010100011011011001000100
00000001100010001000111010101110
00000001011001111101001110011000
11111101100000111011001000111000
11111111001100011011111111101101
00000000001111110111001000000101
11111111110111101100101000000101
00000010000010001010110000001100
11111110101000001011101101100010
11111111101000011011111010001000
00000011000101101101100010001100
11111100111100101110111000011000
11111110101000111011111101011100
00000001000110100110011101010000
11111101100001000110100010110100
00000001110011110110001101011110
11111011111110010101001001000000
00000001100010101011101010111010
00000010110110001000001000110100
00000001001011011110101011000010
11111111110101010011110000101000
00000011010000011010010000111100
11111101010111110111000000110100
11111100011111101011010101110000
00000100001001111101000011110000
00000011000001110000110010101100
11111110000000111100011010110110
11111111011011101101101000001110
00000000001001010010110101010010
00000011110101110111110101010100
00000101011100011111010000111000
00000001000110010111011101010000
11111110110100110011110011100010
11111111100110100001110110010111
00000010101010100100111001110100
11111110010000101011101111101100
00000000000110000111111011100000
00000100000011010001101011011000
00000001011011011001100000011000
00000001011000110111110001000100
11111101101001011000001101110000
00000001010010110011000101111000
00000001001100001101001110010010
00000000110010011100110000100011
11111111101010011001101000101101
00000000000101100000100111100101
11111111110001010011100011001110
11111110000110010101000011001100
11111101010011110001001111100100
00000000010100011101001110000110
11111110100001101101111010100000
00000001100001110011011100000110
11111101110111011010010011011000
00000001100011111100001011111100
00000000011100101011101100001011
11111011101111111101010001001000
00000000010111110110000010111001
00000001110111010101001110101110
11111011101110111000110100100000
00000100011110110100101101001000
00000001000001010000101110000100
11111100001001101101110010110100
00000001111110011000000100101010
00000011111111001100010011101100
11111101100100110000010011000000
11111100001101100101111010110000
00000100110111110100101000011000
11111010110001011111011101110000
11111101110011101000000110000000
00000001101101111001111001110010
11111010011000010111100111011000
11111101101100010011101111101000
11111110010000111000110111111010
11111111101001101110010000011001
11111111100111110111011101010000
00000010010001101100000011011100
00000010010000110100000111100100
00000000100000000001010010110001
00000000100000110011111010100001
00000001000011111010001011100100
11111100101101010111010001010000
00000000111010000011100001011011
11111111010111010100010010001100
11111101111010111000010000000100
00000000111010011001000100100101
00000000011101010001000111001000
11111111001011010010111001100011
11111111101000010011110000111100
11111101111011101001011001000000
11111111111111101100000100100111
11111010000000001111111010001000
00000011111100111111101100110000
00000000100111001000010100010110
11111111011001001100011111000101
00000100000111010011110001011000
00000001010100100111000110100100
11111011010101000100010001100000
00000000110101000110001100010000
11111110011101111011001110110010
00000001000111111001000101001110
00000001110110101011000010110110
00000001000010011011111111000010
11111111000100111011101100010011
11111101111100001100101000100000
00000010100100010100010001011000
11111110100110110000010110000010
11111101010101101001111000100100
00000001001010110010110011010010
11111111011011010101101001111110
11111100011011110110111000000000
11111110101101100100111111011010
11111111110001001110010001100010
00000000101110000111100010000101
11111101111100110001110001110000
00000000010000000011110101000011
11111100011110000110100001011100
11111010101100101101011100001000
11111100011100111001110100010100
11111100010101000010010010111100
00000010001010111111100100001000
00000001101111111001101011100100
00000000110011100101011001101111
11111101010101011011000010000100
11111101010011111010110110000000
00000000110011010111101110000011
11111110001111111100111111010110
00000001000011010011001000001010
11111111110011010010000011011000
11111101101100010010011111111000
00000011000001110101000101000100
11111110110111111110010001000100
00000001110111001101100110001100
00000000011000011001101111000101
11111011110100000011010000010000
11111110111000010000010101000100
11111111111001001101011111111001
11111110101010000111110111101000
00000010110101001100100010000000
11111100110011001110000000011000
11111110110100100010001010011100
11111110010010110010000101100100
11111011110001010111100111001000
11111101000000000000101110110000
00000000011110000101111111010010
00000001111010011010000011010000
11111111001110110101010110001000
00000001100111100011110100010110
11111011111101111101010001001000
00000000010010010010000011010100
00000000101011000001111100111010
11111111100101111001111010100100
00000000000001111001001111010000
00000001011011101111110100111110
11111110001010000001000000010010
11111100011010111011011111010100
11111111111101101110001110001101
11111100111010001101111110110000
00000001001101010000100001010000
11111110010111000100111111001110
11111110110001010110110001011000
11111111100111110100110111110101
00000010000000100001101100110100
00000000010001001010110000010011
00000001101101100000000010011000
00000000101001000111000101110000
11111111101111100100101101010000
11111101110000111111010110000000
11111101110110010100101001001000
11111100111000001100011001100100
00000001011001000101111010001110
00000000101010001010110100001100
00000011100100000111011101101000
00000001001000101111010010110100
00000000111100100000010001011111
00000010010111010000100101011000
00000010001010011100000011001000
11111100110111010111100101001100
00000001111000001001011011110100
00000001111011101110010100111100
11111110001101101000100000001000
11111111011111110101111100101111
11111111110110000111101011000110
00000000110110001010101111111101
11111110110000010011010011010010
11111110010011110110101100100110
00000010010001111000100001100100
00000000100000001110011011010101
11111110111010000001000000011000
00000000111101011101011011110100
11111111011001010101111111011110
00000000110100010000000000011100
11111110010101010001010111101000
00000000111011001101111101010001
11111111111101001001110011111110
00000000111001110111010011001110
00000001010100100000001111101010
11111111111000000000001111001001
11111111001010011101011100110110
11111101100111001011011010100100
00000001010010010010110111101110
11111100100010001001011101011100
11111111100011010100110110000111
11111111010001110011110000111101
11111101111000100101110111110000
00000001010110001011101000101000
11111111110000010001111111101001
11111101011101100100110010011100
11111101100011010001101101110000
00000001100011110110000111010100
00000010011000011101010100000000
11111011011100111100010101110000
00000010101000001110111011010000
11111011111000011101110000110000
11111011111011111011111101001000
00000010110001100100101001000000
11111110111000000101011100100110
11111101011010101000011010010100
00000001011101001001010001010100
11111110101111010010111000001010
00000000000010110000100011111011
00000000110000011100010111000111
00000001101011001100111010000110
00000000000010001111111000111100
00000000000100010100110000101010
11111111110111100001010000100111
00000011010011111010001110010100
11111111010110010011000111010010
11111111110001010100110111010000
11111111011111111001011001100100
00000000100101111010100001110110
00000001101100001101100000111110
11111111101101101101011010011110
00000001011101111111101111111110
00000000100110011110111001000111
11111110011001000101001011100100
00000000111000110100001000000010
00000000101001110000000000010110
00000000100010110011000111001000
11111111101011000000001011001010
11111110110100111110100101110000
00000010000011000011100110111000
00000001001010010110101001111010
11111100111001001010110011010000
00000001010101010111110001000000
00000000001101010100111010001001
11111100111100100100110111110100
11111110100101111000101010111110
00000000011011001011000100010111
00000001101010100111100110010000
11111110100000100101110111011010
11111111011111001111000101010001
11111100111000101010001010010100
11111110111110010010111000111110
11111100101010000111110100011100
11111100011001110100101111001100
11111110111011000110000110000010
00000100010100010111111111001000
00000100010000000001101101011000
00000000010011101001110000011000
11111101000110100001001000101000
11111110101000010100010000001010
00000101000010111010001010110000
11111111011111011111010010011100
00000010100001011010110100010000
11111101101111100101010000100100
11111111101010011011010010101011
00000010011101100010001111100100
11111101100010100101000011100100
11111111101000100101101010110100
11111110011001011110010100111010
11111111011000101011100110110110
11111110001101000000111111111100
11111111001100000010100010111110
00000001000010111001010101010100
11111100101101101011100011010100
11111111110000010110010001011011
11111101101111010010111111110100
11111100100001111100110011011000
11111110011000110111100000100110
00000011101000010100000000110100
11111100100011001001011001001100
11111110100000110111110011111100
11111110001001111011110100001100
00000011100011000000010011110100
00000011100001101010000110110000
00000011001000011101110101110000
00000001100111111011101111010000
00000011011001010110000100000000
00000001001011011001101000001000
00000010001101011001111010101100
11111111010010100000100001010000
11111110000011100011000100100110
00000000000001010111100001000100
00000010100011110110111110000100
11111110001010111100001011110000
00000011111100001100101110001100
11111110101110101101111011111110
11111100100010110100011000101000
00000000000001010001011010110101
11111101100110111000010001001000
00000001110111100011110111101110
11111110110000101011111000011100
11111110001001011010001011101110
00000001000001011111111101010000
00000000111101011110100111010011
11111100010110110100011000010000
00000000100000000101101111010001
11111111100011101111100010111111
11111110001011001010001101101000
11111100101110111011110101100100
11111110100110010110101010111000
00000001000011011101011000101000
11111111101001001111111001101111
00000000010100010010100001001011
11111101111010000001000011111100
11111101100011001101101011111100
11111100110100001010010011101100
00000000100011001000110100010101
00000001010111001101000011011000
11111111110010000010000110110010
00000001010111101101110001110010
00000010001010110111011100111100
00000001010000000001000000100010
00000001000110011100010110100010
00000001011010010111110100010010
11111110010100100100011111111100
00000000000111110000001101001110
00000000010001011110000000110011
11111110110101011111111100101100
00000010110100010100111110100000
00000001101011101011100000011110
00000000001001001111011001000000
00000010100100110010101010101000
00000010111111111101111100000000
00000000010101010111000111100011
11111110101111010000001011011110
00000011001011100011100101110000
00000010000110111010100010011000
11111110110101100000110101111010
11111101101101111110100100011100
11111111000001001110101100010001
11111110011110100101110111001000
00000001000111011001101001100000
00000001001010010010111100100100
11111111001010010011001001100110
00000001011000000010101101011010
00000000101101100101000000010000
11111111101010111111000110010001
11111110001101011100010110110110
11111101111101010010111101001000
11111111101110100001000101010011
11111101100000010100000110111100
11111111101001101111000101010110
00000010001111000101100001100000
00000001001010000001010011101010
00000010000110110001011110110000
11111110001101000100111010001110
00000000001111000110101100000000
11111111001111100100000110111111
00000001111001101100011010110000
00000000100011100111110000000010
00000000110000001100010101011110
00000010001111100111010100110000
11111110101000110111000000110010
11111110001010100000101010011100
00000001111100111010000111111110
11111101000010010101111010000100
00000001001001011111010100100010
11111101100111111100010010100000
00000011011110111011111110100000
11111101010010001111111000101000
11111110111001000111000101100100
11111111001011000001011010100011
11111111100011110011100000101000
00000100001010000111110010001000
11111111100000110111001011110100
00000000101111100011001000001001
00000000011111001010001111100011
11111101100000100010100011011000
11111110001001100111111010101100
11111011010111111010111000110000
00000000010011010111101000101110
11111111111001100101101111010101
00000011111010000100001001010000
11111101101011011110110101011100
00000001011001100001001001110100
11111110100010011111000001000010
00000101000101011101101010101000
00000010101001111010010000001000
00000010100011001001001010001000
00000010111011100011101100011100
00000011011111000001010110101000
00000001110010011010101101011100
00000001000111001111101101100010
00000100000000000000110011010000
11111100111010100110101000011000
11111111111001001110111100011111
00000001100001111011100111000010
11111100001100101010100010100100
00000001011110010101000000001110
11111101111100100111001101011000
11111011110110100000101001111000
00000100001101101010010010001000
00000010001111010100001010101000
11111111110001011001110011010101
00000001001001010110111011010100
11111100110010011100000001101100
11111111001100101000110011000000
00000010111001001100000000001000
00000010111010011000100110010100
11111111010000100001010010010010
11111110101000100011000110101110
11111100111000101000111000000100
11111101100011111011000101010100
00000001001001110101110100011010
00000001111100011110001001011100
00000000010100101110011000001001
00000001100101011011001111101000
00000000101100110100110111001111
00000011000101110001101011010000
00000001111110100010000001011110
00000001101011101001001011011110
11111110010110001110000011100000
00000000111010001100100110101000
00000010001001111111000101100000
00000100000110011000111000010000
11111110011010011101011101001010
11111100101001000010001000011100
11111111110010001110001101100001
00000000110110011011010001111011
11111110101100010111000001111100
00000000001111101011100111000000
11111110010001000100011000011110
00000010010010000011101011011100
11111110111111111110111100010100
11111110011001010100010010000010
00000011001010010110000011111000
00000010110110101011100000010000
11111111110110101001111011101100
00000001100010011000011101010000
11111111100010010100000101110100
00000001010111000011010001100010
00000000010011011111100111111101
11111110001001100000111011111110
00000001000101111000100000110110
11111110010001011010111101000110
11111111000011001010110111100111
11111101110100101011101110011000
11111111011001101100111000101100
11111111101000110001000100010010
11111111101010110010110001001110
00000000000110110101000110101001
00000001101001101111000111001010
11111111111001010101000110000001
11111110010101111101100000110110
11111110101001000101011001011000
11111111001001110000110101101010
11111111100010110101100110100011
11111110101001110000010100101010
00000000000011000001110000110011
00000010010010010001000010111000
11111101000011010111010001101100
00000001000101011100001000111000
00000100001100011100110011111000
11111101011010100100010100001000
11111111011010010010101011111000
00000001010000110100110001001010
11111111100101111001000001101011
11111110000101000111010011001110
11111111101011111010010101111011
11111111011110010101110111010001
00000010001011010010010110110100
11111110101000011000011000111110
00000001110000010001111010100000
11111101101000111010001010100100
00000001011100000110111001000000
00000000000110101111101010101011
00000000100001001011010011000111
11111111001011101111101001001010
00000000000011001100001001010101
00000010110011111101011000101000
00000001011111100100000001101010
11111110111010101001100111100000
00000000001101101100000110001001
00000001010001001111100000011000
00000000011010010101011000110110
11111110110101110101110011100010
00000010101001110101101001110000
11111110110110011110101100010010
11111111101010110001011001111000
00000000110011000000101001110000
00000001101100011100100001000010
00000010000110111100011110010100
00000011011110011010010000100000
11111111110001000100011000101110
00000001000110110000010010011100
11111111111100010011011011011010
11111101111111000000000000001100
00000010100110010110111011010000
11111011110110010111011001010000
11111111010010100101111011010001
00000010001110011011100000101000
11111111001110001100110011001001
11111101000111010011001101011100
11111111110010011001000111111011
11111110110011000010001010010000
11111110111010110000111000001000
00000100111001110101011010111000
00000000111011111010001101100011
11111101010101100100100010001100
00000011111011011101011010000000
00000001100110110111011001100000
11111111001111011000100110100101
11111100110100011011101000011000
00000000110011111100000111011011
11111111100000111101110110000011
11111100001111100010000100101000
11111100000100100111000010110000
11111101101101100100000110010100
00000011001001010100011110100100
11111111010000011111111001111110
00000010110010110010100000111100
00000011010100001011010111001100
11111111110110110111111001111101
00000000010001001001001100011100
00000100101011010000110001000000
00000000001000101110001000010010
11111100011000010010111111011000
00000010110101010000001101100100
00000001101010110101010101010100
11111101001101011111100111001000
00000001010101110000101101011110
11111011111111110000100110001000
11111010111101010111010101110000
00000001001001011000000110100000
11111101000100111010010101100100
00000010101101111101100110001000
00000011111010001111011111001100
11111110101000101000001110001000
11111110010111010111111000100110
11111110101100111011011001010100
11111011101100010010110001001000
00000010111100100101011000011100
00000110100100110000000011000000
11111110011010110100100000100000
11111011111101011101001100011000
00000101010101011110001000101000
11111101000010101011110100111100
11111111100110111010111001010000
11111111111101011001110001100000
11111011001111011010011011110000
11111101001000001110100100000000
11111111110001010111111010101010
00000010110000111011100111000000
00000000000011110100001100110001
00000010110100000000111100000100
11111111111011101111111011111011
00000001011101010110010101111110
11111110111000100101010010000100
00000001101101011100000001100100
11111100110011011101010011110100
00000010001010000011100011101000
11111110001110001000100011101010
11111111111100010111111101011100
00000000011100100001000000110110
11111110111000111100110000101000
00000000110010110110111010010111
00000010010100000001000100111000
00000010111100000110100000101100
00000001011000011011000111110000
00000000011000001010111110000111
11111110001110011000011010111000
11111011101001111010110111001000
00000010001111100001100000100000
00000000011101010111000100000100
11111110010010011111110100001100
00000010101111001110000011111100
11111101011100000110110001100100
11111110111011100111111000010110
00000010010100101011110010001000
11111101111011100111101001011000
11111110011011100111010111011000
11111100011000011110100010101000
11111100001111000010101100111100
11111111111100111001011010010011
00000011110110111101010010011100
11111101000100010000110001100100
00000001000010110101001000110100
00000010010010000101010111100000
11111110100010011010011000100100
00000100001111100100100001011000
00000000011001001100010111110100
00000001100011000011111010000000
00000010101101000000100001100100
00000010101111000100010100110100
11111010111111100110000111111000
11111110010110010000001010110010
00000100011101101010100011011000
00000000011011110111000100100101
00000010111111011001100100110000
11111001111011100100101110111000
11111110111011000000101011100100
00000011111111100100010100111000
00000010000101100111110011001000
00000001010010001110001101110010
00000010111100011000010010101100
11111111101110101111101000100001
00000001111111000111111010010100
00000011011001100010110110011100
00000001001101111000100100000100
00000001011111011101001001011100
11111100010110101101110110110100
11111100011110011010101001101000
00000011001110110010100100110000
00000000001001001000000100111100
11111110010101000010110000000110
11111111110001111001100001010110
00000001010001110111110010100100
11111110110100101101100000000010
00000000100010100000010010110011
11111100010110000100001001001100
11111010110110100000101111101000
11111101101110100111110010011000
00000000011010001111111010010101
00000000110001111111011011101010
00000000101011111100010000110001
00000011101101000101000111010100
11111100101001111001011110101000
11111111110101001110101011010000
00000010111100000110111001011100
11111101010101001010001011001100
00000001100001011101000011101010
00000001111110001110001010100000
00000010010110011000011110110000
11111111101101111000010010110001
00000000010000001111011011010111
11111111010100010100100110111101
00000001110101111110110101001010
11111111010101111100011111011111
00000000101000010101011101010111
00000010111010110111000110111000
00000011101010111010010101000100
11111101100010000100100011101100
00000000101000101101001100101011
11111111111011111110000101010101
11111110111110000011110010110100
11111111111111110001101010100001
11111100111010000010110011100100
00000100000011110100001000010000
00000001011101101110000000100100
11111101101011101111110111001000
11111011111101111011110111110000
11111110010111010010110000110100
11111111000111000110111101011010
11111111010100011010011101010101
11111010110001000101011000100000
11111111001011110011010011010011
11111111111111100101100101111111
11111001101011011010111100100000
00000011100110001111010101000100
11111100011100011100001011100100
11111011100111001000000101100000
00000101000000100101101110100000
00000001010100000010000010000000
11111101000110110001011110010000
00000010001111011101100011011100
00000001011000110001101101101110
00000000101000110000010110011001
11111111111111010000111000010001
00000010010010001011011101111000
00000010110000011101000100101100
00000000110001010001101111010010
11111110101101010100001010111000
00000011011010001110001011101100
11111100001110001110101010110000
00000010100100101110011101100000
11111101100000000101110001100100
11111111100001001111111001001110
00000001110010010101010110001010
00000010100110111111111011000000
11111110110000011101010100100100
11111110010001000110111000110000
00000011001001010101110010110100
00000011000000011001000000110100
00000000010111001111001010010101
00000000100010100000010101000010
00000000001010000111000101010111
00000001110001011001010100101000
11111110110101101110110000011000
11111111001101110100001101000111
00000000110010001110110101101101
11111111101001001110110111000011
11111111000100001110110011000011
00000000000001111000000101100111
11111011111000011010010011100000
11111110111111100101011011100100
00000000011100111100100110100001
00000001001000010000001111101000
00000001010010110110010011111000
00000000101000011101001010101111
00000011101011111000011111110100
00000100010011111011100110110000
00000001010001110010101001100100
00000001001001100001010001010000
11111110001110011101001101011010
00000011100111010011001101100000
11111101110100000010011100011000
00000001010100101011110010010000
00000011010010101001101001111100
00000100110110100010100010001000
00000000001001100110001111101101
00000100101111010011011100011000
11111101111000100000110110001100
11111100110000000000110111100000
00000011101111001110111011111100
00000000100010100110011010011100
00000010100110101101110100100100
11111110110101101011100001101110
11111101111011011100110010000100
00000100011111100000001011000000
11111011110010010010000011100000
11111110101100000011100110011010
11111111110000110010111111111001
11111111111110110111000111010110
00000001110110001011010110100100
11111111101111010001010011000100
11111100011100111100100010001100
11111110010001001101000000001110
00000010101101101010001001110100
00000001110110000101100101000110
11111100010110101111110010010000
11111110101111100010010111001010
00000000101010111110100101000010
11111100111000110101110101110000
11111101010100011011011010000000
00000010011010000101110101100000
00000001011111111111110010110010
11111100110010110101010101101100
00000001101001110000111011101000
11111101001001100001010110011100
11111110110111000100111000101010
00000001010100111000001011101100
11111111001110101111100011100110
11111101011000100001101000011100
00000001110110110001101100111000
00000001000110011001001110010000
11111110001010100110100111000010
11111101111000100100100110010000
11111111100000000011000110011111
11111101010010111100010110110100
00000001011100111101001101000100
00000001100011011000101110001010
11111111110111010111001111111010
11111101001110001001100010001100
00000000110000110101000011101000
11111111000000000011000110010100
11111011111001011010100000101000
11111011110000001110011100010000
11111111100111000011101010011011
00000011101000001001111100011000
11111111000110001101101010100010
00000000101111011001101010000001
00000010011001000001110100001000
00000000001001000111001011110010
11111100011001010000100101111000
00000000001001010001000111011110
11111011100011101011110110000000
00000000011110001011101111111000
00000001101110001111010110011000
00000011100100101001111111101000
11111110110000010111001111110000
00000010000110111111001111110100
00000001110001011001001010111100
00000000111010110011011100001101
00000001100001010111000110010110
00000010011101110100000110010000
11111111111100000110111111101100
00000001111110101000110000111000
00000001010110110010010010101010
11111110101101000110111011010000
11111110010111100001011011010010
11111110100001000101000010100000
11111111100110100101000011111000
00000001011110010011000001100110
11111101011011010001010011011100
00000001001001011101110110111010
11111110110000101011110101010110
11111111010011001000000000100011
11111111001011101010100100001100
00000000010100110010000011000011
11111110011000000100100111010110
00000010001000010011100100001000
00000001111001010000001111111000
00000000010010010111111010101101
00000000111100101100010111101000
11111111101000000111111101100011
11111110100011000000001010011010
00000010010000010101000100110000
00000001000010101001001110001010
11111110101000000111011010000100
11111111100010001101010010011000
00000100000110001111100110000000
00000000111111001101000001000010
11111111010100100110001011000011
00000001000101011100011110001010
00000000000001111111011100111011
11111110110001010000101111110000
11111101011011011000010111101100
00000001010000110111011100001010
11111111001011000101001011100101
11111110011001001111101000001010
11111100111011110001110111110000
11111101000111100011110110110000
11111111011100011000001011101110
00000000111001010110010110110100
00000001110000100010000011100100
00000001011111010010101110101100
00000001001001000011001011011010
00000010101101111110100011010000
11111101111000101011110011110100
11111110110010100001011100001010
00000011010010011110000010011000
00000000001010111010101100110010
00000001011011100010110100111100
11111110111010101100001001000100
11111101111100001111100000110000
00000000001001011101000110000110
00000010100001011101111110001000
00000001100101000110111101101110
11111110101100001010111000000000
11111111101000000001010000011010
11111111010001001110000000100001
00000001100100101101100010110110
00000001100001011100111111001010
11111110101101010111010000001000
00000000100101000001010110100111
00000000010001010001010011100000
00000001010011111000110111111010
00000001001000110010000101011110
00000010000000001100101000001000
11111111000101111011111111111001
00000010111111000111110010011100
00000011001111101010001110010100
11111111101110110111111010000011
00000011010111001010101111000100
00000010111000100101011010000000
00000000011001000111110000100100
11111110101111100111011001001000
11111100010001111001110110100100
00000000011001111000101100001111
11111111011011010001101100100100
00000100110111011111100011001000
00000001111010100110101000011000
00000010100000001111111010010100
11111111000010001010100101000101
11111111000000110011000000111101
11111111000001000001001010001111
00000001000011100101011001101100
11111111101110010001001010100101
11111111110001111010010011110010
00000000100010111001100000111000
11111110110001000101011000110000
11111111100100001100111110000101
11111110101011010111010100011110
11111111101010100100100010100000
00000100011010100011111011000000
11111111110011010001100001001100
00000000000100111000101001101010
00000010001100000110101001001000
11111101100001111110000110001100
11111110001010001010011011101100
00000010111011000111101100000000
11111100100111001111100110010100
11111100110001101101111100000000
11111111010100011101110110000001
11111110100001000110101100010100
00000010010100100110110000101100
00000010001000110011000000110000
00000000011100111110010100110000
00000010101100011000011010101000
11111110101111001101110000110000
11111111110011110011010111101000
11111110110010010111110111110110
11111110010100110101010010111010
11111100100100111001000100101000
11111101000100110111100010001000
00000000000011111011111111010010
00000001000001001000001001001000
00000000100100101011001000110000
11111110100111111111100000000010
00000000100111011011101010111101
00000000000101111110001101100011
00000010100101101011010110100100
00000001001010010101101000111100
11111101111001001000000111000100
00000001111001000100010110000000
11111111101110100000000001010000
11111111110111110011000100001001
00000010101100011011010110011100
00000000001001001010010011111010
00000000101100011000010010111000
00000000010001101111101100000011
11111111001001100100001110101100
00000000100101100101101111011000
11111111100011010011011110100111
00000001000101101101011000101100
00000010101001100100110111000100
11111100011011101101100101101100
11111111000110111000011000010101
11111110110100101111111101101110
00000001010111000111010100000000
00000010110111010011010010100100
11111111101100100101011101000001
11111111100010010100110100010110
00000010101100010100101011011100
11111111111111110101000101101101
11111111101010101011101011000100
11111111011010111101010110010110
11111101011011001101110011001100
00000001010001010010000001100000
00000010000100010110101110000000
00000001001111000000011000101110
11111101010110111011011111101000
11111101111110010111001011000100
00000000110001100001110111001001
00000001011100000001010001111010
00000000110100000010001111011111
11111111001011000011111111000010
11111111011101000110010011110010
00000010100110011111100100101100
00000001000011111000001111110010
00000000011000010100101001111111
00000010011010011011100000000100
00000000111001100001011101011111
11111111001111111100000010000010
11111110110000100101000100110100
00000001000010010011100011010010
00000011100100000110000011010000
11111101010000000001111111000100
11111100101100000110010000000000
11111111000101001101000110001101
11111100110101111001010110110000
11111110100100110101010011110000
00000000111010001111001010000010
11111101111001110010111001110000
00000001011001000011111000101010
11111100100100110011101000000100
00000011011010001000001000010000
00000000000000001101001101010001
00000001111100100000100000001100
11111110100110001110110010100010
00000011101110100101111001010100
00000000001110111100010110000000
11111011111010010011010011110000
00000100000101111111010111101000
11111101100001001110101001000000
11111110001001010011110011111100
00000001111101001101101111110100
11111100110001010111011010011000
11111110010111011101001001101110
11111100100111000111010101101000
00000000011111000111000110011110
11111010110101000100110010101000
00000100000001011111101000100000
00000000101001001010101111111110
11111100100001110111100110011000
00000011000001111001010001010000
00000010100001000101101101000000
11111111001100011011000101001101
11111101111101110001000101101000
00000010100010011011100100101000
11111110111111011001110111101010
11111100000101100110111001100100
00000000100000000101010101010111
11111111100001110011001011111111
00000000111011111001000011011001
11111111000111001101100110011101
00000011010000100010010001101000
11111111111100011110000100001001
11111111111111101110111010100110
00000010111001100111100001100100
00000000110100101011011010000110
11111110111000101010110010001010
00000000011010111100011111010101
11111100010100100110000011100000
11111101101100110000111110000100
11111100100011100010111001010100
00000100010011010101000011010000
00000011100110011001010011111100
11111111010110001011001011000000
00000000000000010000111001001001
00000101111111011000011010001000
11111010000010111101111101001000
11111100010011100101001110011000
00000100000001100010101101110000
00000000000001000001110110001011
00000001011011010100110110110100
00000001000100010110111100110000
11111011011100000001010011001000
00000000111101110000000000011000
00000011000100100000100101010000
00000000110000010001100001100000
11111100011011000001010000000100
11111111100111011111100101101100
11111110100010011101011010111100
11111011011100001011100001110000
11111110100001111101000001110110
11111110000100110110001011100100
00000010100011111011000111010100
11111101110000001100000110110000
11111100110000000100001111000000
11111110000111110001000001110100
11111111110101111011100100001000
11111011000110110000100110000000
00000001001000111111001110011010
11111110000101100111000001101000
11111110100011100011100010100110
00000000011000010010110110001010
11111101110110010110101010111100
00000001100101111000011100011100
11111111111011011011011110011011
00000010001001000110000101100000
11111101101110110100000101101100
11111110001010000011000111001000
11111110111111011101101110101110
00000000111111001110111000011000
11111101111010111000101011111000
00000001001101110110100011011000
00000001000000010010010110001100
11111110101000101110101101110010
11111101100100111000011011011100
00000010100111111110011111001100
11111110111111001011001011101000
11111011100110110111111100000000
00000010110011100111110110101100
11111110110011101010110010101110
11111011100000011000101101011000
11111100100011111111101000010000
11111110010011100101100111100010
11111110000100101000101001011110
11111111111100011100101101010100
00000001111010011001110111010000
11111100111100001111101101110100
00000100100100010111010010011000
00000001011111100011000010010100
11111011010110011101000111111000
00000000011100011001110111010100
11111111001011110000100111110001
11111110110101101110010110001100
00000101110011100010000001010000
11111111101010010110111011111100
00000001111110011011100011100010
00000000001010100110100010100011
00000100011001010000101011101000
00000101101111000101101100000000
00000011010010111111000010100000
11111100100101001000010000000100
00000000011010110111001001011110
00000100001010100110111000010000
11111101011100110011101001000000
00000001010101001111110100100100
00000100000110111000011010000000
11111111011011100100000110011111
11111110010011111110101010100010
11111110111001111011011001010100
00000000100110001110011010111010
11111101100110001100111100000100
00000010010000100110011101110000
00000010000101011011001010011100
11111101110110100100111001000000
11111111000110100100110001111100
00000001111000100001010110101000
11111110011111111110110000011000
11111101111000111101000110001100
00000000000000111000011011000101
11111110001001101111111010011010
11111101100100001000100010000100
00000000010101000110000010010000
11111110000001110111101110000100
00000000001101000111011001110101
11111111011101110101011100111111
11111110101010000001000010011100
00000010011011000001100101111000
00000010100111111110110101000000
00000000000011010110010100110010
00000000000010110010100011001111
11111110001110111111110010001010
11111111011110011001110101100100
11111110000111010000001101000010
00000011010110100011100001011000
00000000001111011111110001110101
11111111101101100111110001000111
11111101001000100101100011100100
11111101011110010100100001111100
11111110100101011000000111011000
11111110000101100001011011100100
11111110010110100001111000100110
00000000110010001100101001100101
11111110010101000100110101000110
00000011101001000111110011100100
00000001111110001100111011010110
11111100011010010000001111000000
00000010101110110101101010011100
00000100100010111010101001100000
11111110011101011110001111110110
11111110100111000111111010001000
00000001001101011101111101000110
11111100010010110011010110101000
11111110111011011101011110111000
11111111000110011011000000101001
11111011111001100101011011011000
00000001011101111101000100100110
00000001110000000011111101100100
00000100000100100011011111111000
11111110100111010011100110111000
11111100101000100101000111001000
11111110101101010101101100101000
00000000000100000101000111100100
00000000100000101111100000110010
00000000111100100101010101011100
00000001110001111110100100101010
00000001011011000000100000011010
11111111010001100110001001101111
00000001010111100111001001111110
00000010001010110111111101001100
00000010111001110111010011111100
00000000111010011111010001010110
11111101100111000111011101100000
11111111001000010100000110101110
11111110110001101100100111110100
11111010011011100101100010010000
00000101010001101011000010000000
00000001011111110110100111111000
11111110100101011010010010010010
00000011111101010111111111000000
00000000110000101111001100001000
00000001101100001111001010110000
00000001001001001110001111000100
00000100111000110000110001000000
11111010101000101000000010100000
00000000100101111100101001110010
11111111101000010111000000100101
11111011111101111110101011101000
00000011110101001100101000111100
11111101000010101101111001010000
11111110000100010000010100101010
00000001100101111011101000010010
00000001011001001111101010001000
00000001010110001011011010111010
00000001100100100111100000101100
11111111010001111000101000110110
11111111010011101101101101010000
00000010011010111110111100010000
00000001011110011100010011010100
11111101100111010000101000001000
11111101011011101110100101100100
11111110110010101011010000111010
00000001000011011010101010010000
11111111100011010000011000101010
11111111101101100010011001100100
11111110100100000111111011110000
11111111000111000111001111010010
00000000100010111110110101001010
11111111111100011001100111110010
11111101101000101100011011001000
00000000000101101111011110100001
11111110010100010110011001010100
11111111000011111100001001111010
00000000111100110000010001010001
11111110011110100110111000000010
00000001001000010011001000100010
11111110101011101001000101100010
11111101101001000101101101100000
11111111110011011000101110010001
11111111000010110001000010010010
00000001000101011110100011101110
00000010011010101101101100100100
00000000101110101100110111101010
00000000110101111001011100100100
11111011011110101111000010111000
11111101011011101001101111100100
11111111111001100000001100110001
11111110110110010100111111111010
11111111110011101001000011011000
00000010011011111111100101010100
11111110100101110111000101000000
11111110100100110100110100010100
11111111111011100101110100111000
11111110010000111100100110111010
00000000101001011000001011001011
00000001010101001011000110001110
00000011100111000111001001111000
11111101111100000111110100111100
11111100110110111011110100111100
00000000111001000100011111100100
00000010110110110000110010110000
00000000011011010000110101100110
00000000000100011011110101001011
11111110111001000010111011100100
11111101110011111010110000011100
11111101110000011001100010101000
00000011010110111100111111100000
11111101110000011011110000101100
00000100000111110111111000100000
00000000010111110010000000111100
11111101010101100010011101111000
00000011100100011011010100010100
11111110110110010101101101011100
00000010101101101011011111000100
11111110111100101010010010110100
00000001000011100110000011100010
11111101110111111100011110001000
11111011110101101101111110010000
11111100110101001100110101000100
11111110000001010111110010001110
00000000100110001010110000111000
11111111001001010000100110011011
00000000001101111000111010111101
11111110111010001101110101111100
00000100111111111100101000101000
00000011000111011110010011101000
00000001111000101111000000001100
00000000010110110001010000011000
00000011001111110000000011111100
00000010000111011110001100111100
00000001100100000100011100110110
00000100011110111000000101001000
11111100010000011010011011100000
11111110101110100101111110111110
00000010111101100010011100111000
11111110011111010101111011101100
11111110100000000001010010111100
00000100110101000100111110100000
00000010111101000110001111100100
11111110010110011110100110000010
11111111011010001100011010101001
11111010111000110000101101100000
11111111111010001011111010001000
00000010001001111111111001100100
00000010001001001100100101100100
11111100101111000101110111101000
00000000101001010111110101110010
00000000110011011110111001110010
00000001111011101100111110110100
00000001110011011000011011000010
11111111111010001000000100101001
11111101100100001101000011101100
11111111001010000000000011000110
00000001111001000100110110000100
00000001001110011001100010101000
11111101110101010010010101000100
11111100000000101000110110111100
11111111101100001100000000110101
11111101110010001111010101110000
00000010110100010001110110001000
11111101101001000100000111001100
00000000100111011110110000111010
00000000010000111010110111111101
11111110110110000011010010100000
11111101010000111000100000000100
11111101010111011111010110101100
11111111110011001010000001000001
00000001001010110001100110001000
00000000001111010111001001010010
11111101010010100111010111001100
11111110101001010001110100010000
00000011010111111100111010001100
11111111001111011000100011011001
11111110001110101101000010010010
11111111000010001111000101111000
11111101111010100010101101010100
11111111001000000010101010111001
11111111101011010011001010100111
11111111001001110010001101010100
00000001001010100101010111001010
00000001100011010111011101110100
00000000110101001000111000111110
00000000000000111100100001010010
11111101101100001001011101110000
11111111011101100110100100001001
11111111111100100011100001110010
00000001000001111000100010111010
11111101110100011101111111110000
11111111001111001100100010100110
11111110011110100001000111101110
00000001000100010011110111000010
11111101110110111100100001111100
00000010001111001101111111100100
11111111111100000111110100101011
00000000101110111011110111010100
11111111010100111000111000011111
00000000111001101000010100110111
00000010001000111110010111101000
00000001000110011101101010001010
11111101011011000001000100110000
11111101111000001101111100011100
11111111001101001001011001010011
00000001000101001100100110111000
00000001001111111101001000111100
00000001111110101000010000001000
00000010011111011000110110000100
11111111100111000011111110001001
11111110111001110111011010011100
11111111011100110110100111000111
00000010001100001110101111101100
00000100011111011001001011101000
11111101010000010110101001100100
11111111010110101100100100010100
00000001000010101001100110100000
00000011000000101111111010100000
00000011001111001011011000111000
00000000101101101011111001101111
11111101001000110010100010011100
00000010001011000111010111010000
11111111101001100100010110000000
00000011101000101111011000111000
00000010101010111110100101111000
00000000001000111101111110000101
00000001011100100011010011111000
00000000000111000001101010011100
00000000011100000110100000011000
00000001001011001011100101001110
11111110100010101000110101011110
11111111010010110111000101000110
00000001000000111110101100011100
00000001111101010000111101111000
11111101110110011001001101101000
11111111001110111001110011100001
00000000110011111101101010011100
00000000011010100110010101101001
11111111111101001011101010000011
11111110101101000100000100101100
00000000011001111000101000001101
00000001101100101001100000001010
00000000011010000010001100011111
00000000111111110111001000011101
00000000100010010001000100000010
00000000010100100001100010000110
00000010100010011001010001110000
11111101111011100110001010011100
11111111111011110100101001010110
00000000101100000000011010110011
11111100000011101110011011001000
00000000111011110000000010010110
11111110101001100100010111101010
11111111100001111111100001011110
00000010001111101100111001010000
00000010010101101010111010000100
00000000011011000011001011000111
00000010010111011000110011001000
00000000100000110111110101001011
00000001000000100111011110000110
11111101100101101000010001010100
11111101010001100110000010110100
00000001100100000110001110101010
11111110101010010100101000000110
11111111001110100010100011010011
11111111110100001100101110001001
11111100011110101100010111100000
11111101111100100010001011010000
00000010111001101001111111100000
00000001111010010110010001001010
11111111011101010110110101011101
11111110100101011001011000111100
11111110110001000011001100101110
11111110001010011111101100010100
11111110100111101100100001101000
00000000000010110000010101010110
00000010011011000001000010101000
11111101110000000011111010100000
00000000001010011111100101100000
00000000101110111000100101110000
11111111000111100000001111100111
11111011111011011010100011010000
11111101000000110000010010101000
00000011010011000101000011100000
00000000000000110111101100011001
11111111011100010101101011010000
00000011010100111101101100110100
00000000001001100100010001100100
00000000100010100110100000111111
11111110111101100111100010010010
11111011111100011110101010100000
00000010011111010001100101011100
11111111101011010110111001101000
11111111010010101101100100101001
00000001101011101000100111011100
11111110101001011000111011111000
11111101100010100111011011000000
00000000001100110010000101010011
00000000100111001100000111000001
00000010111011010100101001001000
11111111100110010110011110110000
11111110100001010111100110111010
00000001000111000101011110110110
00000010110111101110011100011100
00000000110000001111000100111101
11111111101010001000001000111101
11111101111010101110100100101000
00000001001110001010101111010100
11111110000110011111111111000110
00000001110011100100001111111000
11111111001101011010101110011111
00000010100000100111011111011100
00000000010110001110001110000011
00000000110000001011001110010011
11111101111100011100110000010000
11111110011000101111010101011100
00000001111000000110101101011000
11111110011100011010001010101110
11111111101100011001001011100000
00000000001100100111011011110101
00000000011101100000110011100000
00000001101110010001101001101110
11111111000100101101101101110110
