00000000011111101001000010010101
11111111011000000001001111110101
00000000111011111011001100001010
11111110110000101000110111101110
11111111111101100101110100100111
00000000011010001010001010011001
00000000000100110001111000001100
11111111100010011010000010111110
00000000011100011100001010011011
11111111111011100100010000110100
11111111111011001100111001001111
11111111001110010011110011011010
00000000111011011111000011000100
00000000110101100111000000101001
00000000001101100000110111010101
11111111111110110100101010101110
11111111100100011010100011000101
11111111110100000001000001101010
00000000111011110000000010011000
00000000000110110011110010011011
00000000101110111101001000111101
00000000010101101110110100101110
11111110110100100000111000000100
00000000111000011001101010011110
11111111001101011001010001100101
00000000100000010111011101001000
11111111101100011100101101001111
11111111011110010001000101111101
11111111111110010001100001011001
11111111001001010110110011110011
11111111101010000001011101001111
11111111100110111000001011110101
00000000011111111001000000101001
00000000101100100001010111001000
00000000010110001100000001011000
11111111011110011010100001011011
11111111010011000100111010001100
00000000001001000110011000010001
11111111000011110001000100101111
00000000101011110111000100000010
