00000000000000000000000000000000
00000101000111011110101110010000
00000111001010100110000101010000
00000000101011111011010010100100
00000100010011101110010101001000
00000000000000000000000000000000
00000001000111011110111010111100
00000111001110000011010011100000
00000000001001010100000001110010
00000000000000000000000000000000
00000011110100010001100000111000
00000111110001001001111111000000
00000011101111001100111100110000
00000000000000000000000000000000
00000010011101001001110011100000
00000000010010110111010110001111
00000000000000000000000000000000
00000000000000000000000000000000
00000000000000000000000000000000
00000000000000000000000000000000
00000111100101011001111010011000
00000101101101010011000100100000
00000010011001010110110001011000
00000011101100000011000111001100
00000011110011101111110000010000
00000011110010000111110001110100
00000010111011000100011100001000
00000011101010010110001000001000
00000011001111010000111001101000
00000000011110001010101001110010
00000000000000000000000000000000
00000000000000000000000000000000
00000100001010010111011000001000
00000000010111011001011001111100
00000011011100001001100110001000
00000010100111100000000010000000
00000001110101001111101111101000
00001011010010000100100101000000
00000001100010001111101111100000
00000000000000000000000000000000
00000101000110000000110000010000
00000111000001111010010001000000
00000000000000000000000000000000
00000100100101101111010100010000
00000000111100111010110010010011
00000101111100001100010001110000
00000101001110101001111000110000
00000000001011111100111011101000
00000100010011111001100010100000
00000001010001000100000111011010
00000000000000000000000000000000
00000100000000001011111111100000
00000000000000000000000000000000
00000011001110100101101001111000
00000011011000010000101110011100
00000010111100100111010100111100
00000001011100000011110100010100
00000000000000000000000000000000
00000000000000000000000000000000
00000000000000000000000000000000
00000101111010101010100001100000
00000110100000110100110111100000
00000111011100001011010001100000
00000000000000000000000000000000
